============================================================
🏆 WINNER CONFIGURATION: t[180,218,243,319,350]_l[3]
============================================================

--- 0. Hardware & Performance Metrics ---
[Parameters]
  - VAE Parameters         : 1.35 M
  - DiT Parameters         : 16.70 M
  - Classifier Parameters  : 1.0181 M
[FLOPs (单次前向传播)]
  - VAE FLOPs              : 514,064,384.0 (0.51G)
  - DiT FLOPs              : 698,548,224.0 (0.70G)
[Time]
  - Feature Extract Time   : 387.66 Seconds
  - DiT Inference Time     : 87.7669 Seconds (Total), 31.35 ms (Avg per call)
  - Classifier Inference   : 11.33 ms (Avg per Test Set)
[GPU Memory]
  - Peak VRAM (Extraction) : 1112.99 MB
  - Peak VRAM (Train/Test) : 3584.18 MB

--- 1. Overall Metrics (Mean ± Std over 10 seeds) ---
OA:    92.7681% ± 2.1978%
AA:    91.8414% ± 1.8395%
Kappa: 0.9062  ± 0.0282

--- 2. Per-Class Accuracy (Mean ± Std) ---
Corn                     : 93.47% ± 8.22%
Cotton                   : 97.07% ± 2.93%
Sesame                   : 99.42% ± 0.67%
Broad-leaf soybean       : 89.08% ± 5.52%
Narrow-leaf soybean      : 97.30% ± 7.49%
Rice                     : 95.03% ± 3.32%
Water                    : 97.01% ± 1.69%
Roads and houses         : 74.38% ± 13.98%
Mixed weed               : 83.81% ± 7.58%

--- 3. Best Seed Detailed Report (Highest OA run) ---
                     precision    recall  f1-score   support

               Corn     0.9657    0.9918    0.9786     34506
             Cotton     0.9443    0.9878    0.9655      8369
             Sesame     0.8065    1.0000    0.8929      3026
 Broad-leaf soybean     0.9928    0.9438    0.9677     63207
Narrow-leaf soybean     0.8670    1.0000    0.9288      4146
               Rice     0.9785    0.9798    0.9792     11849
              Water     0.9975    0.9923    0.9949     67051
   Roads and houses     0.8694    0.7144    0.7843      7119
         Mixed weed     0.6330    0.8792    0.7361      5224

           accuracy                         0.9641    204497
          macro avg     0.8950    0.9433    0.9142    204497
       weighted avg     0.9681    0.9641    0.9648    204497


============================================================
🚀 LEADERBOARD (All Configs)
============================================================
Rank | Config                    | Mean OA    | Std Dev    | Cls Params(M)   | Runs (OA)
-----------------------------------------------------------------------------------------------
1    | t[180,218,243,319,350]_l[3] | 92.77%    | 2.20%    | 1.0181          | [95.9,92.2,92.1,89.8,96.4,91.5,89.8,93.8,94.5,91.7]
2    | t[180,218,243,293,319]_l[3] | 92.75%    | 2.05%    | 1.0181          | [95.6,92.5,92.0,89.5,96.1,91.4,90.4,93.9,94.2,91.8]
3    | t[180,243,268,293,319]_l[3] | 92.69%    | 2.27%    | 1.0181          | [95.4,92.5,92.5,88.7,96.3,91.1,90.5,94.1,94.6,91.2]
4    | t[218,243,268,319,350]_l[3] | 92.67%    | 2.25%    | 1.0181          | [95.4,92.4,92.6,89.9,96.3,91.7,88.7,94.3,94.0,91.5]
5    | t[180,218,243,268,293]_l[3] | 92.67%    | 2.05%    | 1.0181          | [95.6,91.9,92.7,90.0,96.0,92.1,89.6,93.7,93.9,91.2]
6    | t[180,243,268,293,350]_l[3] | 92.67%    | 2.27%    | 1.0181          | [95.6,92.0,92.7,89.1,96.5,91.2,90.0,93.6,94.4,91.6]
7    | t[180,218,243,293,319]_l[4] | 92.66%    | 2.20%    | 1.0181          | [96.1,92.7,91.8,88.9,96.2,92.3,91.0,93.3,93.9,90.6]
8    | t[218,243,268,293,319]_l[3] | 92.66%    | 2.23%    | 1.0181          | [95.2,92.0,92.7,89.0,96.2,91.6,90.0,94.1,94.6,91.1]
9    | t[180,218,268,293,350]_l[3] | 92.65%    | 2.04%    | 1.0181          | [95.5,91.6,92.2,90.0,95.9,92.1,89.6,93.6,94.3,91.5]
10   | t[180,243,268,293,319]_l[4] | 92.63%    | 2.26%    | 1.0181          | [96.0,92.2,91.6,89.1,96.5,91.3,90.7,93.7,94.2,91.1]
11   | t[218,243,268,293,350]_l[3] | 92.62%    | 2.23%    | 1.0181          | [95.6,92.4,91.4,89.8,96.4,92.2,89.3,93.7,94.2,91.3]
12   | t[180,218,243,268,350]_l[3] | 92.61%    | 2.13%    | 1.0181          | [95.3,92.2,91.8,89.5,96.2,91.4,90.0,94.1,94.2,91.4]
13   | t[180,218,243,268,350]_l[4] | 92.60%    | 2.19%    | 1.0181          | [96.1,91.9,91.6,89.0,96.2,92.5,91.2,92.6,94.1,90.8]
14   | t[180,218,268,293,319]_l[4] | 92.60%    | 2.40%    | 1.0181          | [95.9,92.4,91.4,88.5,96.3,91.9,90.5,93.8,94.7,90.6]
15   | t[180,218,268,293,350]_l[4] | 92.60%    | 2.22%    | 1.0181          | [95.8,91.9,91.4,88.9,96.2,91.9,91.5,93.4,94.6,90.6]
16   | t[180,218,243,268,319]_l[3] | 92.59%    | 2.12%    | 1.0181          | [95.2,92.3,91.8,90.1,95.8,91.1,89.5,94.2,94.7,91.2]
17   | t[180,218,293,319,350]_l[3] | 92.58%    | 2.36%    | 1.0181          | [95.5,91.8,92.3,89.4,96.5,91.5,89.0,93.8,94.5,91.3]
18   | t[180,218,268,319,350]_l[3] | 92.58%    | 2.13%    | 1.0181          | [95.0,92.3,91.9,89.3,96.1,91.8,89.5,93.6,94.5,91.6]
19   | t[180,218,268,319,350]_l[4] | 92.58%    | 2.15%    | 1.0181          | [95.1,92.0,91.3,89.0,96.3,92.3,90.2,93.5,94.5,91.7]
20   | t[180,218,243,268,319]_l[4] | 92.57%    | 2.23%    | 1.0181          | [95.9,92.3,91.1,88.9,96.2,92.4,90.5,93.2,94.2,91.0]
21   | t[180,218,243,293,350]_l[3] | 92.57%    | 2.26%    | 1.0181          | [96.0,92.7,91.5,89.5,96.1,92.0,89.1,93.5,93.7,91.5]
22   | t[180,218,243,268,293]_l[4] | 92.57%    | 2.25%    | 1.0181          | [95.8,93.0,91.6,88.5,96.2,92.0,90.5,93.1,94.0,91.0]
23   | t[180,243,268,319,350]_l[3] | 92.56%    | 2.15%    | 1.0181          | [95.1,91.7,92.2,89.6,96.3,91.8,89.6,93.9,94.3,91.2]
24   | t[180,218,268,293,319]_l[3] | 92.55%    | 2.40%    | 1.0181          | [95.3,92.7,91.4,89.1,95.9,92.0,88.5,94.2,94.9,91.5]
25   | t[218,243,293,319,350]_l[3] | 92.54%    | 2.11%    | 1.0181          | [95.4,92.2,92.5,90.0,96.1,90.7,89.9,93.9,93.8,90.9]
26   | t[180,268,293,319,350]_l[3] | 92.52%    | 2.40%    | 1.0181          | [95.4,92.5,92.4,88.6,96.3,91.0,89.4,93.7,94.6,91.3]
27   | t[180,243,293,319,350]_l[3] | 92.51%    | 2.37%    | 1.0181          | [95.3,92.0,92.6,88.7,96.2,91.4,89.2,94.0,94.5,91.1]
28   | t[218,243,293,319,350]_l[4] | 92.49%    | 2.35%    | 1.0181          | [95.8,92.3,91.5,88.7,97.0,90.7,91.6,92.6,93.9,90.8]
29   | t[180,243,268,293,350]_l[4] | 92.48%    | 2.32%    | 1.0181          | [95.9,92.2,92.1,88.6,96.5,91.7,90.3,92.2,94.3,91.0]
30   | t[180,218,243,293,350]_l[4] | 92.46%    | 2.34%    | 1.0181          | [96.0,92.3,91.3,89.0,96.2,92.1,89.7,93.3,94.1,90.5]
31   | t[180,218,293,319,350]_l[4] | 92.44%    | 2.30%    | 1.0181          | [95.8,91.9,91.2,88.4,96.1,91.2,91.3,93.1,94.4,91.0]
32   | t[180,218,243,319,350]_l[4] | 92.44%    | 2.16%    | 1.0181          | [95.4,91.6,91.7,89.0,96.2,92.3,90.6,93.0,94.2,90.3]
33   | t[218,243,268,293,350]_l[4] | 92.40%    | 2.44%    | 1.0181          | [95.8,92.0,90.9,88.3,96.8,91.5,90.6,92.8,94.3,91.0]
34   | t[218,268,293,319,350]_l[3] | 92.39%    | 2.37%    | 1.0181          | [95.4,92.0,91.6,89.3,96.4,91.3,88.9,93.8,94.1,91.0]
35   | t[218,243,268,293,319]_l[4] | 92.37%    | 2.37%    | 1.0181          | [95.7,92.1,91.6,88.4,96.4,91.4,90.2,93.0,94.2,90.7]
36   | t[180,243,268,319,350]_l[4] | 92.37%    | 2.24%    | 1.0181          | [95.6,91.6,91.5,88.8,96.2,91.0,90.7,93.1,94.2,91.0]
37   | t[218,268,293,319,350]_l[4] | 92.35%    | 2.20%    | 1.0181          | [95.5,91.8,91.4,88.5,96.1,91.2,91.0,92.8,94.0,91.1]
38   | t[180,243,293,319,350]_l[4] | 92.33%    | 2.40%    | 1.0181          | [95.1,92.2,90.8,88.0,96.6,90.5,91.7,92.8,94.5,91.1]
39   | t[218,243,268,319,350]_l[4] | 92.24%    | 2.43%    | 1.0181          | [95.1,92.3,91.2,87.9,96.2,90.7,90.7,93.0,94.8,90.5]
40   | t[243,268,293,319,350]_l[3] | 92.21%    | 2.44%    | 1.0181          | [95.8,92.1,91.3,88.7,95.9,91.2,88.8,93.7,94.0,90.7]
41   | t[180,268,293,319,350]_l[4] | 92.10%    | 2.39%    | 1.0181          | [95.6,91.8,91.6,87.9,96.3,90.6,90.8,92.6,93.5,90.4]
42   | t[243,268,293,319,350]_l[4] | 92.06%    | 2.22%    | 1.0181          | [95.2,90.6,91.1,88.5,96.2,90.7,91.1,91.9,94.0,91.4]
43   | t[180,243,293,319,350]_l[5] | 86.20%    | 3.41%    | 1.0181          | [90.8,82.6,88.0,82.8,92.1,84.8,84.2,89.5,83.7,83.5]
44   | t[218,243,268,319,350]_l[5] | 86.12%    | 3.88%    | 1.0181          | [92.3,83.4,88.4,83.3,92.0,84.0,81.1,89.3,85.2,82.1]
45   | t[218,243,293,319,350]_l[5] | 86.09%    | 3.69%    | 1.0181          | [91.9,82.5,86.7,83.9,92.4,84.3,82.9,90.0,83.4,83.0]
46   | t[243,268,293,319,350]_l[5] | 86.06%    | 4.04%    | 1.0181          | [91.9,82.0,87.8,82.3,93.4,84.3,82.7,89.4,84.0,82.7]
47   | t[218,268,293,319,350]_l[5] | 85.92%    | 3.50%    | 1.0181          | [91.0,82.1,87.5,82.1,91.9,84.8,83.1,89.1,84.6,83.1]
48   | t[180,243,268,319,350]_l[5] | 85.91%    | 3.70%    | 1.0181          | [91.5,83.1,86.6,83.4,92.4,83.7,81.9,89.4,84.9,82.1]
49   | t[218,243,268,293,350]_l[5] | 85.88%    | 4.03%    | 1.0181          | [91.5,83.1,85.8,82.0,92.9,83.1,81.4,90.6,85.4,83.0]
50   | t[180,268,293,319,350]_l[5] | 85.86%    | 3.80%    | 1.0181          | [91.7,81.8,87.3,82.7,92.4,85.0,82.4,89.0,83.4,82.8]
51   | t[180,218,243,319,350]_l[5] | 85.69%    | 3.86%    | 1.0181          | [91.6,82.8,87.1,81.2,91.0,83.4,82.1,90.6,85.2,82.0]
52   | t[180,218,293,319,350]_l[5] | 85.69%    | 3.94%    | 1.0181          | [90.8,83.3,87.3,81.5,92.9,84.3,81.0,89.1,84.7,81.9]
53   | t[180,218,268,293,350]_l[5] | 85.54%    | 4.29%    | 1.0181          | [91.8,82.9,85.7,80.8,92.7,84.2,79.8,90.1,84.4,82.9]
54   | t[180,243,268,293,350]_l[5] | 85.53%    | 3.92%    | 1.0181          | [90.5,83.0,86.1,81.8,93.2,83.8,81.2,89.5,83.6,82.6]
55   | t[180,218,268,319,350]_l[5] | 85.51%    | 3.72%    | 1.0181          | [89.9,82.9,87.2,81.1,91.5,83.2,81.5,90.5,84.4,83.0]
56   | t[218,243,268,293,319]_l[5] | 85.45%    | 3.61%    | 1.0181          | [89.8,84.5,86.2,81.6,92.5,82.6,81.6,89.1,83.0,83.6]
57   | t[180,243,268,293,319]_l[5] | 85.43%    | 3.90%    | 1.0181          | [91.3,83.4,85.4,82.3,92.1,82.1,81.1,89.9,84.2,82.6]
58   | t[180,218,243,268,293]_l[5] | 85.39%    | 3.39%    | 1.0181          | [91.1,83.5,86.0,80.2,89.8,84.3,83.1,89.4,83.8,82.6]
59   | t[180,218,243,293,319]_l[5] | 85.31%    | 4.08%    | 1.0181          | [90.8,80.6,86.9,82.0,92.2,84.0,80.6,89.7,83.3,82.9]
60   | t[180,218,243,268,350]_l[5] | 85.20%    | 3.71%    | 1.0181          | [90.5,82.8,86.2,81.1,91.0,83.3,81.3,89.9,83.5,82.3]
61   | t[180,218,243,268,319]_l[5] | 85.19%    | 4.04%    | 1.0181          | [91.2,83.3,86.5,80.1,91.2,81.8,80.7,90.0,83.7,83.5]
62   | t[180,218,243,293,350]_l[5] | 85.18%    | 4.19%    | 1.0181          | [91.5,82.1,86.5,81.2,92.3,82.7,81.2,89.6,82.8,82.0]
63   | t[180,218,268,293,319]_l[5] | 84.95%    | 4.08%    | 1.0181          | [91.0,83.6,85.2,79.8,91.7,81.8,81.2,89.6,83.4,82.3]
