============================================================
🏆 WINNER CONFIGURATION: t[214,240,260,280,380]_l[3]
============================================================

--- 0. Hardware & Performance Metrics ---
[Parameters]
  - VAE Parameters         : 1.35 M
  - DiT Parameters         : 16.70 M
  - Classifier Parameters  : 1.0189 M
[FLOPs (单次前向传播)]
  - VAE FLOPs              : 514,064,384.0 (0.51G)
  - DiT FLOPs              : 698,548,224.0 (0.70G)
[Time]
  - Feature Extract Time   : 63.40 Seconds
  - DiT Inference Time     : 9.6069 Seconds (Total), 8.14 ms (Avg per call)
  - Classifier Inference   : 0.93 ms (Avg per Test Set)
[GPU Memory]
  - Peak VRAM (Extraction) : 327.01 MB
  - Peak VRAM (Train/Test) : 361.95 MB

--- 1. Overall Metrics (Mean ± Std over 10 seeds) ---
OA:    85.9643% ± 2.3539%
AA:    88.0379% ± 1.9815%
Kappa: 0.8484  ± 0.0254

--- 2. Per-Class Accuracy (Mean ± Std) ---
Healthy Grass            : 83.35% ± 10.71%
Stressed Grass           : 88.55% ± 5.54%
Trees                    : 99.57% ± 0.22%
Water                    : 93.16% ± 4.04%
Residential Buildings    : 99.14% ± 2.23%
Non-Residential Buildings: 90.19% ± 5.35%
Roads                    : 77.49% ± 10.52%
Sidewalks                : 62.25% ± 8.25%
Crosswalks               : 76.51% ± 14.31%
Major Thoroughfares      : 81.63% ± 16.28%
Highways                 : 94.41% ± 6.56%
Railway                  : 78.88% ± 12.78%
Paved Parking Lots       : 95.45% ± 1.53%
Unpaved Parking Lots     : 100.00% ± 0.00%
Cars                     : 99.98% ± 0.05%

--- 3. Best Seed Detailed Report (Highest OA run) ---
                           precision    recall  f1-score   support

            Healthy Grass     0.7768    0.9470    0.8535      1246
           Stressed Grass     0.8875    0.8719    0.8796      1249
                    Trees     1.0000    0.9957    0.9978       692
                    Water     0.9547    0.8668    0.9086      1239
    Residential Buildings     0.9913    0.9248    0.9569      1237
Non-Residential Buildings     0.9279    0.9656    0.9464       320
                    Roads     0.7563    0.9089    0.8256      1263
                Sidewalks     0.8792    0.7458    0.8070      1239
               Crosswalks     0.8673    0.6760    0.7598      1247
      Major Thoroughfares     0.8766    1.0000    0.9343      1222
                 Highways     0.9695    0.9577    0.9636      1230
                  Railway     0.9915    0.8591    0.9206      1228
       Paved Parking Lots     0.9112    0.9504    0.9304       464
     Unpaved Parking Lots     0.9297    1.0000    0.9636       423
                     Cars     0.8687    1.0000    0.9297       655

                 accuracy                         0.8943     14954
                macro avg     0.9059    0.9113    0.9052     14954
             weighted avg     0.9006    0.8943    0.8935     14954


============================================================
🚀 LEADERBOARD (All Configs)
============================================================
Rank | Config                    | Mean OA    | Std Dev    | Cls Params(M)   | Runs (OA)
-----------------------------------------------------------------------------------------------
1    | t[214,240,260,280,380]_l[3] | 85.96%    | 2.35%    | 1.0189          | [86.5,82.6,84.0,89.2,88.4,86.0,82.6,85.4,89.4,85.5]
2    | t[214,240,260,280,413]_l[3] | 85.92%    | 2.45%    | 1.0189          | [86.1,82.6,83.9,89.1,89.2,85.6,82.8,85.0,89.5,85.4]
3    | t[214,240,260,280,300]_l[3] | 85.87%    | 2.59%    | 1.0189          | [86.6,82.2,83.4,88.6,88.4,85.5,82.1,86.0,90.1,85.7]
4    | t[214,240,260,280,340]_l[3] | 85.83%    | 2.31%    | 1.0189          | [86.6,82.3,83.7,88.9,88.4,85.1,83.0,85.5,89.2,85.6]
5    | t[214,280,300,320,340]_l[3] | 85.83%    | 2.42%    | 1.0189          | [86.2,82.5,83.1,89.0,89.0,85.5,83.3,84.6,89.4,85.6]
6    | t[214,240,300,320,340]_l[3] | 85.82%    | 2.32%    | 1.0189          | [86.4,82.7,83.5,88.2,88.7,85.4,82.5,85.8,89.4,85.6]
7    | t[214,240,300,320,380]_l[3] | 85.82%    | 2.02%    | 1.0189          | [86.8,82.8,84.0,88.2,87.4,85.2,83.2,85.7,89.2,85.7]
8    | t[214,240,260,340,360]_l[3] | 85.81%    | 2.55%    | 1.0189          | [86.7,81.9,82.9,88.3,88.9,85.6,82.9,85.7,89.8,85.5]
9    | t[214,240,280,300,340]_l[3] | 85.80%    | 2.48%    | 1.0189          | [86.6,81.8,83.5,88.6,88.8,85.2,82.8,85.8,89.4,85.5]
10   | t[214,260,280,300,340]_l[3] | 85.80%    | 2.61%    | 1.0189          | [86.5,82.2,83.2,89.4,88.5,85.4,82.7,84.8,89.9,85.3]
11   | t[214,240,280,340,380]_l[3] | 85.79%    | 2.38%    | 1.0189          | [86.6,82.2,83.8,88.8,87.7,85.6,82.6,85.4,89.8,85.5]
12   | t[240,260,280,300,380]_l[3] | 85.78%    | 2.59%    | 1.0189          | [86.3,82.2,83.8,88.7,88.8,85.3,82.5,85.0,90.2,85.0]
13   | t[214,240,260,320,380]_l[3] | 85.78%    | 2.59%    | 1.0189          | [86.9,82.0,82.9,88.8,88.9,84.9,82.7,85.6,89.6,85.5]
14   | t[214,240,260,300,340]_l[3] | 85.78%    | 2.32%    | 1.0189          | [86.5,82.3,83.7,88.1,88.4,85.8,83.0,84.8,89.8,85.4]
15   | t[214,240,260,340,380]_l[3] | 85.77%    | 2.40%    | 1.0189          | [86.1,81.3,83.7,88.5,88.1,86.0,83.1,85.7,89.5,85.7]
16   | t[214,240,260,280,360]_l[3] | 85.77%    | 2.44%    | 1.0189          | [86.4,82.4,83.6,89.1,88.1,85.2,82.5,85.6,89.6,85.2]
17   | t[214,240,280,320,380]_l[3] | 85.77%    | 2.32%    | 1.0189          | [86.2,82.2,83.6,88.6,88.6,85.5,83.0,85.3,89.2,85.5]
18   | t[240,260,280,320,380]_l[3] | 85.74%    | 2.33%    | 1.0189          | [86.7,82.8,83.7,88.5,88.2,85.5,82.4,84.9,89.5,85.2]
19   | t[240,260,280,340,413]_l[3] | 85.72%    | 2.28%    | 1.0189          | [86.4,82.1,83.9,88.7,88.3,84.8,83.5,84.9,89.2,85.2]
20   | t[214,260,280,320,413]_l[3] | 85.70%    | 2.48%    | 1.0189          | [86.0,81.8,84.4,89.2,89.3,85.3,82.8,84.2,88.8,85.3]
21   | t[240,260,280,300,340]_l[3] | 85.70%    | 2.43%    | 1.0189          | [86.6,82.0,83.8,88.7,87.7,85.3,82.5,84.9,89.7,85.7]
22   | t[214,240,280,340,360]_l[3] | 85.70%    | 2.52%    | 1.0189          | [85.9,81.7,83.3,88.6,88.7,84.8,82.7,86.2,89.6,85.5]
23   | t[214,260,300,320,340]_l[3] | 85.69%    | 2.46%    | 1.0189          | [86.2,82.4,83.4,89.0,88.3,85.3,82.9,84.4,89.7,85.3]
24   | t[240,260,280,340,380]_l[3] | 85.69%    | 2.60%    | 1.0189          | [86.1,81.8,83.1,89.3,88.4,85.5,82.4,85.5,89.5,85.3]
25   | t[214,260,280,320,380]_l[3] | 85.68%    | 2.55%    | 1.0189          | [86.9,82.4,82.8,88.7,89.0,85.3,82.9,84.5,89.4,84.7]
26   | t[214,240,260,300,320]_l[3] | 85.68%    | 2.57%    | 1.0189          | [86.2,82.0,83.4,88.6,88.5,85.5,82.0,84.8,89.7,85.9]
27   | t[214,240,300,340,360]_l[3] | 85.67%    | 2.73%    | 1.0189          | [85.9,81.9,82.8,88.4,89.1,84.8,82.1,86.1,90.0,85.6]
28   | t[214,240,280,320,340]_l[3] | 85.67%    | 2.52%    | 1.0189          | [86.4,81.7,83.0,88.8,88.6,84.5,83.2,85.4,89.4,85.6]
29   | t[214,260,280,320,360]_l[3] | 85.66%    | 2.43%    | 1.0189          | [86.0,82.2,83.3,88.9,88.6,85.1,82.8,84.7,89.3,85.7]
30   | t[214,240,280,340,413]_l[3] | 85.66%    | 2.59%    | 1.0189          | [86.4,81.7,83.2,88.5,88.9,84.6,82.7,85.1,89.7,85.8]
31   | t[214,240,260,300,360]_l[3] | 85.65%    | 2.48%    | 1.0189          | [86.0,81.8,83.5,88.2,88.7,85.2,82.4,85.4,89.4,86.0]
32   | t[214,260,280,340,380]_l[3] | 85.65%    | 2.62%    | 1.0189          | [86.0,81.6,83.8,88.8,88.8,85.3,82.7,85.1,89.9,84.6]
33   | t[214,240,260,280,320]_l[3] | 85.65%    | 2.41%    | 1.0189          | [86.1,82.2,84.3,88.0,88.1,86.0,81.9,84.6,89.8,85.5]
34   | t[214,240,260,300,413]_l[3] | 85.65%    | 2.48%    | 1.0189          | [86.6,81.6,83.4,87.7,88.4,85.2,82.5,85.9,89.8,85.4]
35   | t[240,260,280,320,340]_l[3] | 85.64%    | 2.47%    | 1.0189          | [86.6,81.8,83.7,88.9,88.3,85.1,82.4,85.2,89.2,85.3]
36   | t[214,240,280,300,380]_l[3] | 85.64%    | 2.44%    | 1.0189          | [86.6,82.1,83.7,88.6,88.1,85.7,82.1,84.8,89.4,85.3]
37   | t[214,240,260,300,380]_l[3] | 85.63%    | 2.40%    | 1.0189          | [86.7,82.0,83.9,87.6,88.3,85.7,82.4,84.5,89.8,85.3]
38   | t[240,260,280,320,413]_l[3] | 85.63%    | 2.36%    | 1.0189          | [86.2,81.8,84.5,88.8,88.4,84.6,82.8,85.0,89.0,85.2]
39   | t[214,260,280,300,360]_l[3] | 85.63%    | 2.53%    | 1.0189          | [86.3,81.9,83.9,88.4,89.1,84.8,83.3,84.0,89.8,84.8]
40   | t[214,240,260,320,360]_l[3] | 85.63%    | 2.42%    | 1.0189          | [86.3,82.3,83.2,88.8,88.0,85.4,82.8,84.8,89.6,85.2]
41   | t[240,260,280,340,360]_l[3] | 85.61%    | 2.48%    | 1.0189          | [86.4,81.9,83.2,89.0,88.2,84.7,82.6,85.3,89.2,85.7]
42   | t[240,260,280,300,320]_l[3] | 85.61%    | 2.28%    | 1.0189          | [85.7,82.3,83.9,88.2,88.1,85.1,82.5,84.8,89.4,85.9]
43   | t[214,260,280,320,340]_l[3] | 85.60%    | 2.54%    | 1.0189          | [86.8,81.6,82.7,88.8,88.8,85.2,83.2,84.6,88.9,85.3]
44   | t[214,240,260,360,380]_l[3] | 85.60%    | 2.50%    | 1.0189          | [86.6,82.3,83.0,89.2,87.8,85.2,82.2,85.0,89.3,85.3]
45   | t[214,240,280,320,413]_l[3] | 85.57%    | 2.42%    | 1.0189          | [86.3,81.9,83.6,88.1,88.8,85.4,82.6,84.6,89.4,85.2]
46   | t[240,280,300,320,380]_l[3] | 85.57%    | 2.34%    | 1.0189          | [86.4,82.1,83.7,88.7,88.0,85.1,82.5,84.9,89.1,85.2]
47   | t[214,280,300,320,380]_l[3] | 85.57%    | 2.50%    | 1.0189          | [86.1,81.9,83.2,88.1,88.4,85.8,82.9,84.7,90.0,84.6]
48   | t[214,260,280,300,380]_l[3] | 85.57%    | 2.35%    | 1.0189          | [87.2,82.2,83.5,88.4,87.9,85.8,82.9,84.4,89.2,84.2]
49   | t[214,240,340,360,380]_l[3] | 85.56%    | 2.59%    | 1.0189          | [86.5,82.1,83.9,88.9,88.2,84.9,81.6,84.8,89.6,85.2]
50   | t[214,240,280,320,360]_l[3] | 85.56%    | 2.18%    | 1.0189          | [86.1,82.1,83.6,88.6,87.8,85.6,83.3,84.8,88.8,84.9]
51   | t[214,280,320,340,380]_l[3] | 85.56%    | 2.49%    | 1.0189          | [86.6,82.1,82.7,89.1,88.1,85.3,82.7,84.9,89.1,84.9]
52   | t[214,260,300,320,413]_l[3] | 85.54%    | 2.39%    | 1.0189          | [86.3,82.3,83.4,87.8,88.9,84.8,82.8,84.3,89.4,85.5]
53   | t[214,260,300,320,380]_l[3] | 85.54%    | 2.38%    | 1.0189          | [86.2,82.5,83.1,88.8,88.6,85.1,82.5,84.5,88.8,85.3]
54   | t[214,240,280,300,320]_l[3] | 85.54%    | 2.54%    | 1.0189          | [85.6,81.2,83.7,88.9,88.5,85.5,82.6,84.9,89.3,85.2]
55   | t[214,240,300,340,380]_l[3] | 85.54%    | 2.46%    | 1.0189          | [86.3,81.4,83.2,88.2,88.1,86.0,83.0,84.8,89.6,84.9]
56   | t[214,260,280,380,413]_l[3] | 85.54%    | 2.83%    | 1.0189          | [87.5,81.4,83.4,88.9,88.9,84.5,82.4,84.4,89.8,84.1]
57   | t[214,260,280,300,320]_l[3] | 85.54%    | 2.49%    | 1.0189          | [86.1,82.2,83.1,88.3,88.8,85.1,82.6,84.4,89.5,85.1]
58   | t[214,240,340,380,413]_l[3] | 85.53%    | 2.40%    | 1.0189          | [86.5,81.7,85.0,88.3,87.5,85.3,82.0,84.4,89.5,85.1]
59   | t[214,240,260,320,413]_l[3] | 85.53%    | 2.42%    | 1.0189          | [86.4,81.6,83.3,88.5,88.5,85.5,82.8,84.7,88.9,85.1]
60   | t[240,260,280,300,360]_l[3] | 85.53%    | 2.53%    | 1.0189          | [86.6,82.0,83.5,89.0,88.2,84.1,82.8,84.3,89.5,85.3]
61   | t[240,280,300,340,380]_l[3] | 85.52%    | 2.38%    | 1.0189          | [86.0,81.8,83.6,88.4,87.8,85.1,83.3,84.4,89.8,85.1]
62   | t[214,240,260,320,340]_l[3] | 85.52%    | 2.37%    | 1.0189          | [86.0,81.8,82.9,88.3,87.6,85.2,82.7,85.5,89.5,85.5]
63   | t[214,240,260,340,413]_l[3] | 85.51%    | 2.50%    | 1.0189          | [85.9,82.0,82.8,88.8,88.2,85.1,82.9,84.8,89.6,84.9]
64   | t[214,280,300,340,380]_l[3] | 85.50%    | 2.64%    | 1.0189          | [86.3,81.6,83.4,88.5,88.4,85.4,82.1,84.9,89.8,84.6]
65   | t[240,260,280,300,413]_l[3] | 85.50%    | 2.41%    | 1.0189          | [86.2,82.0,84.5,88.9,88.2,84.2,82.8,83.8,89.1,85.2]
66   | t[214,240,300,360,380]_l[3] | 85.50%    | 2.58%    | 1.0189          | [86.9,81.7,83.6,88.6,88.1,84.6,82.3,84.6,89.7,85.1]
67   | t[214,260,300,340,380]_l[3] | 85.50%    | 2.54%    | 1.0189          | [85.9,81.6,82.8,88.4,88.4,85.4,82.8,84.7,89.6,85.3]
68   | t[214,240,320,340,360]_l[3] | 85.50%    | 2.63%    | 1.0189          | [86.1,81.1,82.9,88.6,88.3,85.2,82.8,85.1,89.7,85.2]
69   | t[214,240,260,380,413]_l[3] | 85.49%    | 2.55%    | 1.0189          | [87.1,81.5,83.8,88.6,88.1,85.0,82.2,84.7,89.3,84.6]
70   | t[214,280,300,340,360]_l[3] | 85.49%    | 2.57%    | 1.0189          | [86.0,81.9,82.5,88.6,87.8,85.6,82.4,85.2,89.9,85.0]
71   | t[214,260,280,300,413]_l[3] | 85.49%    | 2.44%    | 1.0189          | [86.5,81.8,83.7,88.5,88.6,85.3,83.0,83.6,89.1,84.8]
72   | t[240,260,300,340,360]_l[3] | 85.48%    | 2.39%    | 1.0189          | [85.8,81.9,83.2,87.6,88.6,84.7,82.9,85.1,89.6,85.5]
73   | t[214,240,320,340,380]_l[3] | 85.48%    | 2.51%    | 1.0189          | [86.8,81.5,82.8,88.2,88.2,84.5,82.6,85.3,89.3,85.6]
74   | t[214,240,300,320,413]_l[3] | 85.48%    | 2.25%    | 1.0189          | [85.7,82.2,83.6,88.0,88.4,84.3,83.1,85.1,89.2,85.2]
75   | t[214,240,300,340,413]_l[3] | 85.47%    | 2.32%    | 1.0189          | [86.8,81.7,83.1,87.8,87.9,85.2,83.1,84.6,89.3,85.2]
76   | t[214,260,280,360,380]_l[3] | 85.47%    | 2.37%    | 1.0189          | [86.0,82.3,83.5,88.5,88.1,85.2,82.6,84.2,89.4,84.8]
77   | t[240,280,300,340,413]_l[3] | 85.46%    | 2.47%    | 1.0189          | [86.4,81.8,83.6,88.5,88.4,84.3,82.3,85.5,89.2,84.8]
78   | t[240,260,280,380,413]_l[3] | 85.46%    | 2.35%    | 1.0189          | [86.3,81.7,84.1,88.1,88.3,84.4,82.9,84.6,89.2,85.0]
79   | t[240,260,280,360,380]_l[3] | 85.46%    | 2.64%    | 1.0189          | [86.2,81.9,83.2,88.6,89.0,84.7,82.2,84.3,89.5,85.0]
80   | t[214,240,320,380,413]_l[3] | 85.46%    | 2.25%    | 1.0189          | [86.7,81.8,84.4,88.0,87.9,84.7,82.5,84.6,88.9,85.1]
81   | t[240,260,300,320,340]_l[3] | 85.45%    | 2.40%    | 1.0189          | [86.2,81.6,83.8,88.2,88.4,85.0,82.5,84.7,89.1,85.0]
82   | t[214,240,280,300,360]_l[3] | 85.45%    | 2.34%    | 1.0189          | [86.0,82.4,83.4,88.2,87.6,84.9,82.6,84.2,89.8,85.3]
83   | t[214,260,280,340,413]_l[3] | 85.45%    | 2.66%    | 1.0189          | [85.8,81.4,83.3,88.8,89.0,84.1,82.8,84.9,89.5,84.9]
84   | t[260,280,300,340,380]_l[3] | 85.45%    | 2.50%    | 1.0189          | [86.1,81.4,83.2,89.1,87.5,85.3,82.5,85.0,89.1,85.2]
85   | t[214,240,300,360,413]_l[3] | 85.44%    | 2.55%    | 1.0189          | [86.4,81.4,83.2,88.3,88.6,84.7,82.2,85.1,89.2,85.4]
86   | t[214,260,300,360,380]_l[3] | 85.44%    | 2.33%    | 1.0189          | [86.1,82.3,83.1,88.0,87.8,85.4,82.8,83.9,89.6,85.5]
87   | t[214,240,280,380,413]_l[3] | 85.43%    | 2.52%    | 1.0189          | [86.9,81.6,84.8,88.5,88.0,84.1,81.9,84.4,89.3,84.9]
88   | t[214,260,300,320,360]_l[3] | 85.43%    | 2.61%    | 1.0189          | [86.0,82.4,82.7,88.7,88.2,85.2,82.3,83.9,89.9,85.1]
89   | t[240,280,300,320,340]_l[3] | 85.43%    | 2.58%    | 1.0189          | [86.5,81.7,81.9,88.3,88.3,85.2,82.7,85.1,89.3,85.3]
90   | t[214,240,260,360,413]_l[3] | 85.43%    | 2.28%    | 1.0189          | [86.2,81.6,83.7,87.9,87.8,85.5,82.5,84.8,89.1,85.2]
91   | t[214,280,300,320,413]_l[3] | 85.43%    | 2.53%    | 1.0189          | [86.0,81.6,83.3,88.1,88.9,85.0,82.7,84.2,89.4,85.1]
92   | t[260,280,300,320,380]_l[3] | 85.42%    | 2.51%    | 1.0189          | [86.4,82.4,82.7,89.4,87.9,84.9,82.6,84.3,89.0,84.6]
93   | t[214,280,300,340,413]_l[3] | 85.42%    | 2.79%    | 1.0189          | [86.6,81.3,82.7,88.8,88.2,84.6,81.8,85.2,89.8,85.0]
94   | t[214,240,280,300,413]_l[3] | 85.41%    | 2.42%    | 1.0189          | [86.7,81.5,83.5,88.0,88.3,84.8,82.9,83.8,89.1,85.4]
95   | t[260,280,320,340,380]_l[3] | 85.41%    | 2.34%    | 1.0189          | [86.1,81.9,83.2,88.9,87.9,85.1,82.6,85.1,88.6,84.8]
96   | t[240,320,340,360,380]_l[3] | 85.41%    | 2.64%    | 1.0189          | [86.0,81.8,82.9,89.2,87.9,84.6,82.1,84.6,89.7,85.3]
97   | t[214,240,280,360,380]_l[3] | 85.40%    | 2.66%    | 1.0189          | [86.3,82.1,83.0,89.0,87.9,84.7,81.9,84.4,89.9,84.9]
98   | t[214,240,300,320,360]_l[3] | 85.40%    | 2.18%    | 1.0189          | [86.2,82.2,83.6,87.3,88.0,84.6,82.5,85.1,89.1,85.4]
99   | t[214,240,280,360,413]_l[3] | 85.40%    | 2.55%    | 1.0189          | [86.6,81.4,83.3,88.2,88.4,84.8,82.1,84.7,89.2,85.4]
100  | t[240,260,320,340,380]_l[3] | 85.39%    | 2.43%    | 1.0189          | [86.4,82.1,83.0,88.9,87.9,84.3,82.3,85.3,88.9,84.9]
101  | t[214,260,300,340,413]_l[3] | 85.38%    | 2.54%    | 1.0189          | [86.1,81.7,82.8,88.9,87.9,85.1,82.5,84.8,89.3,84.8]
102  | t[214,260,280,340,360]_l[3] | 85.38%    | 2.44%    | 1.0189          | [85.8,81.7,83.0,88.5,88.5,84.9,82.8,85.2,89.0,84.3]
103  | t[240,280,320,340,380]_l[3] | 85.38%    | 2.50%    | 1.0189          | [86.4,82.0,82.7,88.7,88.4,84.2,83.0,84.6,89.2,84.7]
104  | t[240,260,280,360,413]_l[3] | 85.38%    | 2.28%    | 1.0189          | [86.1,81.7,84.4,88.5,88.1,84.3,82.8,84.0,88.7,85.1]
105  | t[214,280,300,360,380]_l[3] | 85.37%    | 2.71%    | 1.0189          | [86.0,81.2,83.1,88.6,88.3,84.6,82.2,84.6,89.8,85.3]
106  | t[240,300,320,340,380]_l[3] | 85.37%    | 2.43%    | 1.0189          | [86.8,81.5,83.4,87.9,87.4,84.7,82.2,85.5,89.4,84.9]
107  | t[260,280,340,360,380]_l[3] | 85.37%    | 2.50%    | 1.0189          | [86.1,81.9,82.9,88.9,88.2,84.4,82.5,84.8,89.0,84.9]
108  | t[260,280,300,360,380]_l[3] | 85.37%    | 2.43%    | 1.0189          | [85.7,81.8,83.2,89.1,87.9,84.8,82.8,84.3,88.9,85.2]
109  | t[240,280,340,360,380]_l[3] | 85.36%    | 2.56%    | 1.0189          | [86.3,82.0,83.2,88.9,87.4,85.0,81.9,84.2,89.5,85.1]
110  | t[214,300,340,360,380]_l[3] | 85.36%    | 2.62%    | 1.0189          | [86.6,81.5,82.8,88.6,87.8,84.9,82.4,84.5,89.7,84.7]
111  | t[214,260,300,360,413]_l[3] | 85.36%    | 2.37%    | 1.0189          | [86.0,82.1,83.3,87.9,88.4,85.4,82.8,83.4,89.2,85.2]
112  | t[260,280,300,320,413]_l[3] | 85.35%    | 2.32%    | 1.0189          | [85.7,82.4,83.3,88.4,88.3,84.7,82.6,84.3,89.1,84.7]
113  | t[214,280,360,380,413]_l[3] | 85.35%    | 2.36%    | 1.0189          | [86.7,81.6,83.7,88.3,88.2,84.9,82.3,84.5,88.4,84.9]
114  | t[240,260,300,320,380]_l[3] | 85.35%    | 2.45%    | 1.0189          | [85.3,81.9,83.7,88.4,87.8,84.8,82.3,84.7,89.7,84.8]
115  | t[240,260,300,340,380]_l[3] | 85.35%    | 2.44%    | 1.0189          | [86.2,82.4,82.9,88.0,88.3,84.6,82.3,84.5,89.6,84.9]
116  | t[214,260,300,340,360]_l[3] | 85.35%    | 2.61%    | 1.0189          | [85.8,81.2,82.2,88.3,87.8,85.8,82.5,85.1,89.6,85.0]
117  | t[214,260,320,340,360]_l[3] | 85.35%    | 2.54%    | 1.0189          | [86.1,81.8,82.5,88.5,87.8,84.5,82.2,85.1,89.4,85.5]
118  | t[214,260,320,380,413]_l[3] | 85.34%    | 2.55%    | 1.0189          | [86.5,81.8,83.6,88.8,88.7,84.7,82.2,83.7,88.8,84.9]
119  | t[214,280,340,360,380]_l[3] | 85.34%    | 2.56%    | 1.0189          | [86.3,81.7,83.0,88.9,87.7,85.1,82.1,84.4,89.3,85.0]
120  | t[214,240,320,360,380]_l[3] | 85.34%    | 2.27%    | 1.0189          | [86.5,82.1,83.5,87.5,87.9,84.8,82.3,84.6,89.3,85.0]
121  | t[260,300,320,340,380]_l[3] | 85.34%    | 2.47%    | 1.0189          | [86.2,81.2,83.7,88.5,87.6,84.7,82.3,84.5,89.2,85.4]
122  | t[214,260,320,360,413]_l[3] | 85.34%    | 2.63%    | 1.0189          | [86.5,81.9,84.0,89.0,88.2,84.0,82.1,83.5,89.4,84.9]
123  | t[214,280,340,360,413]_l[3] | 85.34%    | 2.45%    | 1.0189          | [86.1,82.1,82.8,89.0,87.5,85.0,82.7,83.8,89.2,85.2]
124  | t[260,280,320,360,380]_l[3] | 85.33%    | 2.56%    | 1.0189          | [86.3,81.3,83.4,88.7,88.1,84.5,82.4,84.3,89.1,85.2]
125  | t[214,320,360,380,413]_l[3] | 85.33%    | 2.62%    | 1.0189          | [86.3,82.1,83.7,88.9,88.3,84.0,82.0,83.5,89.4,85.1]
126  | t[214,260,340,360,413]_l[3] | 85.33%    | 2.62%    | 1.0189          | [86.6,81.1,82.9,88.4,88.4,85.2,82.2,84.0,89.0,85.5]
127  | t[214,280,320,340,360]_l[3] | 85.32%    | 2.55%    | 1.0189          | [86.1,81.8,82.4,87.8,88.1,84.9,82.0,85.2,89.6,85.2]
128  | t[240,280,300,360,380]_l[3] | 85.32%    | 2.46%    | 1.0189          | [86.0,81.7,83.3,88.4,87.8,84.4,82.6,84.3,89.5,85.2]
129  | t[214,240,300,380,413]_l[3] | 85.32%    | 2.52%    | 1.0189          | [86.8,81.4,83.8,87.9,87.9,84.5,81.7,84.9,89.4,84.9]
130  | t[240,260,280,320,360]_l[3] | 85.32%    | 2.55%    | 1.0189          | [86.0,81.7,82.7,88.9,88.4,84.1,82.7,84.7,89.0,84.9]
131  | t[260,280,300,320,360]_l[3] | 85.31%    | 2.44%    | 1.0189          | [86.0,82.0,83.3,88.4,88.2,84.5,82.3,84.0,89.2,85.4]
132  | t[214,260,280,360,413]_l[3] | 85.31%    | 2.55%    | 1.0189          | [86.1,81.3,83.8,88.5,88.5,85.0,82.6,83.7,89.2,84.3]
133  | t[214,280,340,380,413]_l[3] | 85.30%    | 2.41%    | 1.0189          | [86.3,82.0,83.8,88.6,87.8,84.8,82.3,83.3,89.0,85.3]
134  | t[214,280,300,320,360]_l[3] | 85.30%    | 2.70%    | 1.0189          | [85.5,81.3,82.6,88.3,88.2,85.2,82.3,84.4,90.0,85.2]
135  | t[240,260,300,320,413]_l[3] | 85.30%    | 2.29%    | 1.0189          | [86.5,82.6,82.9,87.9,88.0,84.3,82.4,84.2,89.0,85.2]
136  | t[240,260,300,380,413]_l[3] | 85.30%    | 2.40%    | 1.0189          | [86.4,81.9,84.0,87.7,88.5,84.4,82.2,84.1,89.2,84.7]
137  | t[260,280,320,340,360]_l[3] | 85.30%    | 2.21%    | 1.0189          | [85.7,82.2,82.8,87.9,88.2,84.8,82.6,85.3,88.4,85.1]
138  | t[240,280,300,340,360]_l[3] | 85.30%    | 2.41%    | 1.0189          | [85.8,82.7,82.4,88.7,87.9,84.8,82.2,85.1,89.0,84.5]
139  | t[214,280,320,360,380]_l[3] | 85.30%    | 2.34%    | 1.0189          | [85.9,82.2,83.5,88.8,87.3,84.6,82.2,84.5,89.1,84.8]
140  | t[214,300,320,340,360]_l[3] | 85.30%    | 2.49%    | 1.0189          | [85.9,82.0,82.3,88.8,87.7,84.7,82.6,84.6,89.3,85.2]
141  | t[260,280,300,320,340]_l[3] | 85.30%    | 2.53%    | 1.0189          | [85.9,81.4,83.2,88.6,88.0,84.8,82.7,84.1,89.5,84.8]
142  | t[214,240,340,360,413]_l[3] | 85.29%    | 2.49%    | 1.0189          | [86.2,81.4,83.3,88.1,88.0,85.0,82.4,84.3,89.5,84.8]
143  | t[260,280,300,340,360]_l[3] | 85.29%    | 2.27%    | 1.0189          | [86.1,81.9,83.2,88.1,87.9,84.3,82.9,85.2,88.9,84.4]
144  | t[240,280,300,320,413]_l[3] | 85.29%    | 2.57%    | 1.0189          | [86.6,81.5,83.1,88.1,88.2,84.1,82.5,84.3,89.6,85.1]
145  | t[214,260,340,380,413]_l[3] | 85.29%    | 2.65%    | 1.0189          | [86.6,81.0,83.2,88.9,88.4,84.4,82.8,84.2,89.1,84.3]
146  | t[240,260,300,360,380]_l[3] | 85.28%    | 2.32%    | 1.0189          | [86.2,82.4,83.0,88.5,87.4,85.4,81.9,84.1,88.8,85.2]
147  | t[240,260,300,320,360]_l[3] | 85.28%    | 2.54%    | 1.0189          | [85.7,81.7,83.4,88.4,88.2,84.8,82.0,83.8,89.4,85.4]
148  | t[214,260,300,380,413]_l[3] | 85.27%    | 2.51%    | 1.0189          | [86.4,82.1,82.9,88.8,88.0,84.4,82.4,84.0,89.2,84.5]
149  | t[240,280,320,360,380]_l[3] | 85.27%    | 2.59%    | 1.0189          | [86.2,81.8,82.7,88.5,87.6,84.9,81.9,84.5,89.7,84.9]
150  | t[214,280,320,340,413]_l[3] | 85.27%    | 2.37%    | 1.0189          | [85.9,81.7,83.0,87.9,88.2,84.7,82.6,85.1,89.0,84.7]
151  | t[214,280,300,360,413]_l[3] | 85.26%    | 2.77%    | 1.0189          | [85.9,81.9,82.6,89.0,88.5,84.3,81.9,83.8,89.7,85.1]
152  | t[214,300,320,340,380]_l[3] | 85.26%    | 2.47%    | 1.0189          | [86.4,81.5,83.3,88.1,87.4,85.1,82.1,84.2,89.5,84.9]
153  | t[240,280,320,340,360]_l[3] | 85.26%    | 2.22%    | 1.0189          | [86.0,81.6,83.6,88.2,87.7,83.8,82.9,85.2,88.4,85.2]
154  | t[214,260,320,340,380]_l[3] | 85.25%    | 2.44%    | 1.0189          | [85.7,82.0,82.3,88.5,88.2,85.0,82.2,85.0,88.7,85.0]
155  | t[240,300,320,360,380]_l[3] | 85.25%    | 2.55%    | 1.0189          | [86.2,81.2,83.0,87.9,87.7,84.1,83.0,84.5,90.0,84.9]
156  | t[240,260,320,340,413]_l[3] | 85.25%    | 2.44%    | 1.0189          | [86.4,82.1,82.7,88.2,88.4,84.1,82.2,84.6,88.7,85.2]
157  | t[260,280,300,340,413]_l[3] | 85.25%    | 2.40%    | 1.0189          | [85.9,81.4,83.1,88.8,88.1,84.4,82.8,84.9,88.5,84.7]
158  | t[260,300,340,360,380]_l[3] | 85.24%    | 2.74%    | 1.0189          | [85.8,81.0,82.7,88.9,87.7,84.8,82.4,84.4,89.9,84.6]
159  | t[260,280,320,340,413]_l[3] | 85.24%    | 2.42%    | 1.0189          | [85.8,81.6,83.2,88.3,88.4,83.5,82.8,85.0,88.9,85.0]
160  | t[214,280,320,380,413]_l[3] | 85.24%    | 2.48%    | 1.0189          | [86.4,82.1,83.3,88.8,87.7,84.1,82.3,83.6,89.2,84.8]
161  | t[240,280,320,340,413]_l[3] | 85.24%    | 2.27%    | 1.0189          | [86.1,81.9,83.1,88.6,87.5,84.2,82.8,84.8,88.6,84.8]
162  | t[214,260,320,340,413]_l[3] | 85.23%    | 2.49%    | 1.0189          | [86.5,81.7,82.6,87.8,88.4,84.3,82.2,84.8,89.0,85.2]
163  | t[214,260,320,360,380]_l[3] | 85.22%    | 2.36%    | 1.0189          | [86.2,81.9,83.8,88.0,87.8,84.9,81.7,84.3,89.0,84.8]
164  | t[240,260,320,360,380]_l[3] | 85.22%    | 2.36%    | 1.0189          | [86.3,81.7,83.6,88.4,87.3,84.1,82.1,84.5,88.8,85.3]
165  | t[240,260,360,380,413]_l[3] | 85.22%    | 2.52%    | 1.0189          | [86.1,81.8,83.4,88.4,87.8,84.2,81.6,84.5,89.2,85.1]
166  | t[240,280,340,380,413]_l[3] | 85.22%    | 2.62%    | 1.0189          | [86.1,81.5,83.4,88.4,88.4,84.5,82.0,83.8,89.5,84.5]
167  | t[214,240,320,340,413]_l[3] | 85.21%    | 2.41%    | 1.0189          | [86.5,81.4,83.1,87.8,88.0,84.3,82.0,84.7,88.5,85.8]
168  | t[240,280,340,360,413]_l[3] | 85.21%    | 2.49%    | 1.0189          | [85.8,82.1,82.5,88.9,87.8,85.1,82.3,83.5,88.9,85.3]
169  | t[240,260,300,340,413]_l[3] | 85.21%    | 2.19%    | 1.0189          | [86.4,81.7,83.0,87.7,87.4,84.3,82.7,85.1,88.6,85.0]
170  | t[260,300,320,340,413]_l[3] | 85.20%    | 2.30%    | 1.0189          | [86.2,81.2,83.4,87.5,87.8,83.8,83.3,84.8,89.0,84.8]
171  | t[214,260,360,380,413]_l[3] | 85.19%    | 2.56%    | 1.0189          | [86.4,81.1,83.8,88.0,88.9,83.8,82.3,84.2,88.7,84.8]
172  | t[260,280,300,360,413]_l[3] | 85.19%    | 2.32%    | 1.0189          | [86.1,81.9,83.4,88.5,87.9,83.6,82.8,84.1,88.4,85.3]
173  | t[260,300,320,360,380]_l[3] | 85.18%    | 2.83%    | 1.0189          | [85.8,80.8,83.4,88.5,89.1,84.5,82.0,84.2,89.4,84.1]
174  | t[214,300,320,340,413]_l[3] | 85.18%    | 2.49%    | 1.0189          | [86.3,81.1,83.2,88.0,87.3,84.3,82.5,84.8,89.6,84.7]
175  | t[214,280,320,360,413]_l[3] | 85.18%    | 2.56%    | 1.0189          | [85.8,81.3,83.4,88.4,87.8,85.1,82.2,83.4,89.4,85.1]
176  | t[280,300,340,360,380]_l[3] | 85.18%    | 2.68%    | 1.0189          | [86.1,81.2,82.9,89.0,87.7,84.0,82.5,84.3,89.6,84.6]
177  | t[240,280,320,360,413]_l[3] | 85.18%    | 2.46%    | 1.0189          | [85.8,81.7,83.1,88.6,87.9,83.5,83.4,83.7,89.2,85.1]
178  | t[214,240,360,380,413]_l[3] | 85.18%    | 2.73%    | 1.0189          | [86.6,80.9,83.8,88.4,88.1,84.4,81.5,83.9,89.4,84.9]
179  | t[214,260,340,360,380]_l[3] | 85.17%    | 2.66%    | 1.0189          | [86.5,81.7,82.5,89.4,87.2,84.8,81.8,84.0,89.0,84.9]
180  | t[240,280,300,360,413]_l[3] | 85.17%    | 2.59%    | 1.0189          | [86.1,81.5,82.9,88.7,88.1,84.7,82.5,83.4,89.2,84.7]
181  | t[240,280,300,380,413]_l[3] | 85.17%    | 2.52%    | 1.0189          | [86.5,81.6,83.8,89.1,87.2,84.5,81.9,83.9,88.9,84.4]
182  | t[280,300,320,340,413]_l[3] | 85.16%    | 2.45%    | 1.0189          | [85.9,81.5,84.1,88.3,87.4,83.7,82.8,83.8,89.6,84.5]
183  | t[214,300,340,360,413]_l[3] | 85.16%    | 2.59%    | 1.0189          | [86.1,81.3,83.4,88.5,87.3,84.6,82.0,83.6,89.6,85.2]
184  | t[240,260,320,340,360]_l[3] | 85.15%    | 2.33%    | 1.0189          | [85.8,81.7,82.7,88.2,87.8,84.5,82.6,84.5,88.7,85.2]
185  | t[214,300,320,360,413]_l[3] | 85.15%    | 2.62%    | 1.0189          | [86.5,81.6,83.3,88.3,87.9,84.2,82.0,83.6,89.6,84.5]
186  | t[214,320,340,380,413]_l[3] | 85.15%    | 2.39%    | 1.0189          | [86.6,81.7,83.4,89.0,87.3,84.0,82.5,84.0,88.4,84.7]
187  | t[260,280,340,360,413]_l[3] | 85.14%    | 2.44%    | 1.0189          | [86.6,81.6,83.8,88.7,87.7,84.1,82.1,83.8,88.5,84.5]
188  | t[240,300,340,380,413]_l[3] | 85.13%    | 2.43%    | 1.0189          | [85.8,81.8,83.3,88.1,87.3,84.4,81.9,84.2,89.5,85.1]
189  | t[240,260,340,380,413]_l[3] | 85.12%    | 2.52%    | 1.0189          | [86.0,80.9,83.5,87.7,88.1,84.8,82.2,84.1,89.3,84.6]
190  | t[214,300,320,360,380]_l[3] | 85.12%    | 2.55%    | 1.0189          | [85.8,81.3,82.9,88.4,87.8,84.6,82.4,84.3,89.3,84.5]
191  | t[260,280,340,380,413]_l[3] | 85.11%    | 2.26%    | 1.0189          | [86.1,81.5,83.6,88.5,87.4,84.3,82.6,83.9,88.2,84.9]
192  | t[214,300,340,380,413]_l[3] | 85.11%    | 2.56%    | 1.0189          | [86.2,81.2,83.4,87.9,87.6,84.6,82.3,83.7,89.8,84.4]
193  | t[260,300,320,340,360]_l[3] | 85.11%    | 2.62%    | 1.0189          | [85.3,81.1,82.5,89.1,87.2,84.2,82.4,84.9,89.3,85.2]
194  | t[214,280,300,380,413]_l[3] | 85.10%    | 2.58%    | 1.0189          | [86.2,81.2,83.6,87.9,88.3,84.7,82.1,83.7,89.3,84.0]
195  | t[240,260,340,360,380]_l[3] | 85.10%    | 2.49%    | 1.0189          | [85.8,81.0,83.7,88.0,87.8,84.4,81.7,84.5,89.0,85.0]
196  | t[260,280,320,380,413]_l[3] | 85.10%    | 2.36%    | 1.0189          | [86.4,81.8,83.0,88.6,86.9,84.7,82.2,84.2,88.8,84.3]
197  | t[240,260,320,360,413]_l[3] | 85.09%    | 2.19%    | 1.0189          | [86.0,81.9,83.5,88.2,87.6,83.2,83.1,84.0,88.2,85.2]
198  | t[240,300,360,380,413]_l[3] | 85.08%    | 2.68%    | 1.0189          | [86.0,81.0,83.9,88.9,87.6,83.4,81.7,84.3,89.2,84.8]
199  | t[240,260,320,380,413]_l[3] | 85.08%    | 2.51%    | 1.0189          | [86.3,81.8,83.1,88.7,87.9,83.6,81.9,84.1,88.6,84.8]
200  | t[214,320,340,360,380]_l[3] | 85.08%    | 2.73%    | 1.0189          | [85.1,81.3,83.0,89.2,87.9,84.2,81.5,84.2,89.2,85.1]
201  | t[214,240,320,360,413]_l[3] | 85.08%    | 2.46%    | 1.0189          | [86.0,81.5,83.0,88.6,87.7,83.9,82.5,83.7,88.8,85.1]
202  | t[240,320,340,380,413]_l[3] | 85.08%    | 2.35%    | 1.0189          | [86.0,81.6,83.2,88.3,87.3,84.2,82.2,84.2,88.8,84.9]
203  | t[240,260,300,360,413]_l[3] | 85.07%    | 2.48%    | 1.0189          | [85.6,81.6,83.5,88.2,87.9,83.8,82.2,83.9,89.2,84.9]
204  | t[280,300,320,360,380]_l[3] | 85.07%    | 2.65%    | 1.0189          | [86.2,81.7,83.1,88.0,88.3,83.8,81.9,83.7,89.7,84.4]
205  | t[240,280,320,380,413]_l[3] | 85.06%    | 2.44%    | 1.0189          | [86.4,81.8,83.3,88.2,87.6,84.1,81.9,83.7,88.9,84.8]
206  | t[260,280,300,380,413]_l[3] | 85.06%    | 2.35%    | 1.0189          | [85.9,81.7,83.5,88.8,87.4,84.2,82.0,84.2,88.4,84.6]
207  | t[240,260,340,360,413]_l[3] | 85.05%    | 2.47%    | 1.0189          | [86.1,81.5,83.1,88.6,87.4,83.9,82.5,83.5,88.8,85.0]
208  | t[240,300,320,340,413]_l[3] | 85.04%    | 2.33%    | 1.0189          | [86.2,81.7,82.3,88.3,87.3,83.6,82.7,84.7,88.4,85.3]
209  | t[214,300,320,380,413]_l[3] | 85.04%    | 2.65%    | 1.0189          | [86.5,81.2,82.7,88.3,87.7,83.9,82.7,83.3,89.6,84.5]
210  | t[214,340,360,380,413]_l[3] | 85.03%    | 2.42%    | 1.0189          | [86.3,81.0,83.5,87.7,88.1,84.7,82.4,83.7,88.6,84.3]
211  | t[240,300,320,380,413]_l[3] | 85.02%    | 2.64%    | 1.0189          | [86.0,81.6,82.8,88.7,87.5,83.8,81.4,84.2,89.2,84.9]
212  | t[240,280,300,320,360]_l[3] | 85.00%    | 2.49%    | 1.0189          | [85.7,81.8,82.6,87.9,87.8,84.5,81.5,84.1,89.0,85.0]
213  | t[280,300,320,340,360]_l[3] | 85.00%    | 2.55%    | 1.0189          | [85.4,81.7,83.0,88.6,87.5,83.9,81.4,84.3,89.0,85.3]
214  | t[260,280,320,360,413]_l[3] | 85.00%    | 2.15%    | 1.0189          | [85.9,81.7,83.2,87.8,87.3,83.4,83.3,84.1,88.5,84.6]
215  | t[260,300,320,380,413]_l[3] | 85.00%    | 2.73%    | 1.0189          | [85.7,81.1,82.9,88.9,87.3,84.0,82.1,83.6,89.8,84.6]
216  | t[240,320,340,360,413]_l[3] | 85.00%    | 2.67%    | 1.0189          | [86.2,81.1,82.5,89.0,87.0,84.2,82.4,83.7,89.3,84.6]
217  | t[280,300,320,340,380]_l[3] | 84.99%    | 2.55%    | 1.0189          | [86.0,81.7,83.1,88.0,87.7,83.7,81.8,84.4,89.5,84.1]
218  | t[260,280,360,380,413]_l[3] | 84.99%    | 2.35%    | 1.0189          | [86.2,81.7,83.0,88.5,87.4,83.7,83.0,83.7,88.6,84.2]
219  | t[260,300,340,380,413]_l[3] | 84.98%    | 2.43%    | 1.0189          | [86.1,81.1,83.7,88.2,87.2,83.7,82.4,83.8,89.0,84.6]
220  | t[280,300,340,360,413]_l[3] | 84.98%    | 2.46%    | 1.0189          | [85.9,81.8,83.3,88.3,87.2,83.8,82.0,83.2,89.1,85.0]
221  | t[260,320,340,360,380]_l[3] | 84.97%    | 2.46%    | 1.0189          | [85.3,81.2,83.0,89.0,87.3,83.8,82.3,84.2,88.4,85.2]
222  | t[240,300,320,360,413]_l[3] | 84.96%    | 2.56%    | 1.0189          | [85.7,81.3,83.2,88.4,87.3,83.5,82.3,83.6,89.5,84.9]
223  | t[214,300,360,380,413]_l[3] | 84.96%    | 2.47%    | 1.0189          | [86.3,81.3,83.4,88.0,87.9,84.4,81.7,84.0,88.5,84.2]
224  | t[240,300,320,340,360]_l[3] | 84.95%    | 2.37%    | 1.0189          | [85.8,81.7,82.3,88.0,87.0,84.4,81.8,84.5,88.6,85.4]
225  | t[240,280,360,380,413]_l[3] | 84.95%    | 2.31%    | 1.0189          | [85.8,81.3,83.3,88.6,87.7,84.5,82.2,84.0,87.7,84.5]
226  | t[240,300,340,360,380]_l[3] | 84.94%    | 2.67%    | 1.0189          | [85.8,81.3,82.3,88.4,87.5,83.9,81.7,84.1,89.3,85.2]
227  | t[214,320,340,360,413]_l[3] | 84.94%    | 2.68%    | 1.0189          | [85.7,81.1,82.4,89.0,87.9,84.5,82.0,83.4,88.6,84.7]
228  | t[280,300,340,380,413]_l[3] | 84.93%    | 2.60%    | 1.0189          | [85.6,81.0,83.3,87.9,87.5,84.6,81.8,83.3,89.5,84.8]
229  | t[300,320,340,360,380]_l[3] | 84.93%    | 2.72%    | 1.0189          | [86.2,81.2,82.3,89.0,87.0,84.7,81.2,84.2,89.0,84.5]
230  | t[280,320,340,360,380]_l[3] | 84.93%    | 2.49%    | 1.0189          | [85.6,81.4,83.3,88.8,87.5,84.2,81.6,83.6,88.3,84.9]
231  | t[260,300,360,380,413]_l[3] | 84.92%    | 2.59%    | 1.0189          | [86.0,81.0,83.0,88.1,87.4,84.2,82.3,83.2,89.4,84.6]
232  | t[280,300,360,380,413]_l[3] | 84.90%    | 2.52%    | 1.0189          | [86.1,80.8,84.1,88.2,86.7,83.6,82.0,83.7,89.2,84.6]
233  | t[260,300,320,360,413]_l[3] | 84.88%    | 2.41%    | 1.0189          | [85.3,81.5,83.4,87.6,86.8,84.0,82.3,83.7,89.8,84.4]
234  | t[240,340,360,380,413]_l[3] | 84.86%    | 2.49%    | 1.0189          | [85.8,80.9,83.1,88.2,87.4,84.2,81.7,83.8,88.4,85.3]
235  | t[280,340,360,380,413]_l[3] | 84.86%    | 2.47%    | 1.0189          | [85.5,81.4,83.6,88.5,87.6,83.6,82.0,83.2,88.6,84.5]
236  | t[280,320,360,380,413]_l[3] | 84.85%    | 2.54%    | 1.0189          | [86.1,81.7,82.9,88.5,87.4,82.7,82.4,83.1,88.8,85.0]
237  | t[260,320,340,380,413]_l[3] | 84.85%    | 2.56%    | 1.0189          | [85.5,80.6,83.3,88.3,87.0,84.3,82.1,83.4,89.1,84.8]
238  | t[240,300,340,360,413]_l[3] | 84.85%    | 2.47%    | 1.0189          | [86.1,81.5,83.2,87.8,86.8,83.7,81.5,84.0,89.3,84.8]
239  | t[260,320,340,360,413]_l[3] | 84.84%    | 2.43%    | 1.0189          | [86.0,81.9,82.7,88.9,86.6,83.5,81.9,83.8,88.4,84.8]
240  | t[260,320,360,380,413]_l[3] | 84.83%    | 2.55%    | 1.0189          | [85.4,81.4,83.1,88.7,87.5,83.1,82.0,83.9,88.9,84.2]
241  | t[280,300,320,380,413]_l[3] | 84.83%    | 2.58%    | 1.0189          | [85.4,81.2,83.0,88.1,87.9,83.6,82.5,83.1,89.3,84.3]
242  | t[280,300,320,360,413]_l[3] | 84.82%    | 2.52%    | 1.0189          | [85.5,81.8,82.8,88.4,87.0,83.5,81.9,83.1,89.2,85.0]
243  | t[300,320,340,380,413]_l[3] | 84.81%    | 2.55%    | 1.0189          | [85.7,80.8,82.7,88.6,86.6,84.7,81.8,83.8,88.8,84.6]
244  | t[260,340,360,380,413]_l[3] | 84.80%    | 2.40%    | 1.0189          | [85.4,80.9,83.2,88.4,87.3,83.8,82.3,84.1,88.2,84.3]
245  | t[260,300,340,360,413]_l[3] | 84.79%    | 2.72%    | 1.0189          | [85.3,81.2,82.7,88.4,87.6,83.7,82.0,83.0,89.6,84.4]
246  | t[300,320,360,380,413]_l[3] | 84.79%    | 2.61%    | 1.0189          | [85.4,81.2,83.2,88.3,87.2,83.0,81.6,84.2,89.3,84.5]
247  | t[280,320,340,380,413]_l[3] | 84.78%    | 2.41%    | 1.0189          | [85.7,81.3,83.0,88.0,86.8,84.6,81.7,83.6,88.8,84.4]
248  | t[300,320,340,360,413]_l[3] | 84.76%    | 2.52%    | 1.0189          | [85.3,81.2,82.1,88.2,87.4,83.8,81.8,84.0,88.5,85.4]
249  | t[240,320,360,380,413]_l[3] | 84.75%    | 2.41%    | 1.0189          | [85.7,81.0,83.1,88.2,87.3,83.4,82.1,83.5,88.2,84.9]
250  | t[300,340,360,380,413]_l[3] | 84.74%    | 2.49%    | 1.0189          | [85.1,81.0,83.7,87.5,87.7,84.0,81.4,83.6,88.9,84.4]
251  | t[280,320,340,360,413]_l[3] | 84.71%    | 2.68%    | 1.0189          | [85.8,80.7,83.3,88.8,87.9,82.7,81.8,83.2,88.0,84.9]
252  | t[320,340,360,380,413]_l[3] | 84.49%    | 2.44%    | 1.0189          | [86.3,80.7,82.7,87.8,86.8,83.9,81.2,83.6,87.8,84.0]
