============================================================
🏆 WINNER CONFIGURATION: t[221,265,295,336,402]_l[3]
============================================================

--- 0. Hardware & Performance Metrics ---
[Parameters]
  - VAE Parameters         : 1.35 M
  - DiT Parameters         : 16.70 M
  - Classifier Parameters  : 1.0189 M
[FLOPs (单次前向传播)]
  - VAE FLOPs              : 514,064,384.0 (0.51G)
  - DiT FLOPs              : 698,548,224.0 (0.70G)
[Time]
  - Feature Extract Time   : 10.99 Seconds
  - DiT Inference Time     : 7.3052 Seconds (Total), 30.44 ms (Avg per call)
  - Classifier Inference   : 0.91 ms (Avg per Test Set)
[GPU Memory]
  - Peak VRAM (Extraction) : 1113.49 MB
  - Peak VRAM (Train/Test) : 408.01 MB

--- 1. Overall Metrics (Mean ± Std over 10 seeds) ---
OA:    85.6012% ± 2.3425%
AA:    87.7390% ± 2.0053%
Kappa: 0.8444  ± 0.0253

--- 2. Per-Class Accuracy (Mean ± Std) ---
Healthy Grass            : 83.43% ± 9.56%
Stressed Grass           : 87.77% ± 6.58%
Trees                    : 99.60% ± 0.32%
Water                    : 92.41% ± 4.57%
Residential Buildings    : 98.78% ± 2.65%
Non-Residential Buildings: 90.19% ± 5.84%
Roads                    : 78.27% ± 9.14%
Sidewalks                : 62.78% ± 9.98%
Crosswalks               : 72.81% ± 15.38%
Major Thoroughfares      : 81.72% ± 16.54%
Highways                 : 94.01% ± 7.46%
Railway                  : 79.10% ± 13.67%
Paved Parking Lots       : 95.26% ± 1.67%
Unpaved Parking Lots     : 100.00% ± 0.00%
Cars                     : 99.97% ± 0.06%

--- 3. Best Seed Detailed Report (Highest OA run) ---
                           precision    recall  f1-score   support

            Healthy Grass     0.7696    0.9543    0.8520      1246
           Stressed Grass     0.9117    0.8599    0.8850      1249
                    Trees     1.0000    0.9971    0.9986       692
                    Water     0.9674    0.8620    0.9117      1239
    Residential Buildings     0.9912    0.9135    0.9508      1237
Non-Residential Buildings     0.9288    0.9781    0.9528       320
                    Roads     0.7548    0.9264    0.8319      1263
                Sidewalks     0.8855    0.8055    0.8436      1239
               Crosswalks     0.9646    0.6560    0.7809      1247
      Major Thoroughfares     0.8933    1.0000    0.9436      1222
                 Highways     0.9991    0.9260    0.9612      1230
                  Railway     0.9163    0.9365    0.9263      1228
       Paved Parking Lots     0.9229    0.9547    0.9386       464
     Unpaved Parking Lots     0.9883    1.0000    0.9941       423
                     Cars     0.8560    0.9985    0.9218       655

                 accuracy                         0.9015     14954
                macro avg     0.9166    0.9179    0.9129     14954
             weighted avg     0.9106    0.9015    0.9008     14954


============================================================
🚀 LEADERBOARD (All Configs)
============================================================
Rank | Config                    | Mean OA    | Std Dev    | Cls Params(M)   | Runs (OA)
-----------------------------------------------------------------------------------------------
1    | t[221,265,295,336,402]_l[3] | 85.60%    | 2.34%    | 1.0189          | [86.0,81.9,84.4,87.4,88.0,85.5,82.6,85.2,90.1,84.9]
2    | t[221,265,316,336,357]_l[3] | 85.57%    | 2.38%    | 1.0189          | [85.7,82.4,84.4,87.9,88.9,84.5,82.5,84.2,89.6,85.8]
3    | t[221,295,316,357,379]_l[3] | 85.50%    | 2.23%    | 1.0189          | [85.9,82.5,83.9,87.7,88.7,84.1,82.6,85.1,89.0,85.5]
4    | t[221,265,295,336,379]_l[3] | 85.48%    | 2.37%    | 1.0189          | [86.0,81.8,84.4,87.8,88.4,84.5,82.5,85.2,89.6,84.6]
5    | t[221,265,295,316,379]_l[3] | 85.48%    | 2.21%    | 1.0189          | [86.1,82.4,84.5,87.9,88.6,84.6,82.2,84.5,88.6,85.4]
6    | t[221,265,295,316,336]_l[3] | 85.45%    | 2.55%    | 1.0189          | [85.9,82.1,83.6,88.1,88.4,84.7,81.8,84.4,89.9,85.5]
7    | t[221,295,357,379,402]_l[3] | 85.42%    | 2.35%    | 1.0189          | [86.2,82.2,83.4,87.7,88.4,84.4,82.1,85.0,89.1,85.8]
8    | t[221,265,295,379,402]_l[3] | 85.41%    | 2.38%    | 1.0189          | [85.8,81.5,83.9,87.9,88.4,85.4,82.4,84.4,89.1,85.3]
9    | t[221,265,295,336,357]_l[3] | 85.40%    | 2.46%    | 1.0189          | [85.3,81.5,83.7,87.2,88.8,85.0,82.5,84.6,89.7,85.8]
10   | t[221,265,295,357,379]_l[3] | 85.39%    | 2.40%    | 1.0189          | [86.0,81.4,84.9,87.7,88.3,84.0,82.7,84.1,89.4,85.4]
11   | t[221,265,295,316,357]_l[3] | 85.39%    | 2.38%    | 1.0189          | [85.7,81.7,84.3,87.5,88.4,84.6,82.3,84.5,89.5,85.2]
12   | t[221,295,316,336,379]_l[3] | 85.37%    | 2.58%    | 1.0189          | [86.0,81.7,83.7,87.5,89.6,84.2,81.7,85.0,88.9,85.4]
13   | t[221,265,316,336,402]_l[3] | 85.37%    | 2.44%    | 1.0189          | [85.9,82.4,83.5,87.2,88.9,84.6,81.6,84.9,89.4,85.3]
14   | t[221,265,295,316,402]_l[3] | 85.35%    | 2.53%    | 1.0189          | [86.3,81.6,83.5,87.7,88.4,85.3,81.9,84.0,89.5,85.3]
15   | t[265,295,336,357,379]_l[3] | 85.34%    | 2.60%    | 1.0189          | [86.1,81.7,84.7,88.8,88.3,83.8,81.7,84.3,89.2,84.8]
16   | t[265,295,316,336,357]_l[3] | 85.32%    | 2.39%    | 1.0189          | [85.9,82.5,82.8,87.8,88.3,84.1,82.4,84.2,89.3,85.8]
17   | t[221,265,295,357,402]_l[3] | 85.32%    | 2.46%    | 1.0189          | [86.6,82.0,84.3,87.6,88.2,84.0,82.0,83.8,89.6,85.2]
18   | t[221,265,316,336,379]_l[3] | 85.30%    | 2.39%    | 1.0189          | [85.9,82.4,84.1,87.4,88.3,84.4,81.5,84.8,89.4,84.8]
19   | t[221,295,336,379,402]_l[3] | 85.28%    | 2.44%    | 1.0189          | [85.5,82.4,83.6,87.3,88.7,84.8,81.5,84.2,89.5,85.1]
20   | t[265,295,316,357,379]_l[3] | 85.28%    | 2.16%    | 1.0189          | [85.5,82.2,85.0,87.4,87.8,83.9,82.2,84.4,89.1,85.2]
21   | t[221,265,357,379,402]_l[3] | 85.25%    | 2.13%    | 1.0189          | [85.8,82.3,84.4,86.9,87.5,84.1,82.0,85.0,89.2,85.3]
22   | t[221,265,316,357,379]_l[3] | 85.24%    | 2.33%    | 1.0189          | [85.9,81.8,84.5,87.6,87.7,84.3,81.7,84.4,89.2,85.3]
23   | t[265,295,316,336,402]_l[3] | 85.23%    | 2.69%    | 1.0189          | [86.2,82.2,82.1,87.8,87.9,84.4,81.8,84.1,90.2,85.5]
24   | t[265,295,316,336,379]_l[3] | 85.21%    | 2.28%    | 1.0189          | [86.0,81.9,83.3,87.8,88.1,84.6,82.3,84.5,88.8,84.9]
25   | t[221,295,336,357,402]_l[3] | 85.18%    | 2.49%    | 1.0189          | [86.7,81.3,83.9,87.0,88.4,84.5,82.1,83.8,89.3,84.8]
26   | t[221,265,336,357,379]_l[3] | 85.18%    | 2.22%    | 1.0189          | [85.5,81.8,84.6,87.5,88.2,84.1,82.1,84.5,88.5,85.0]
27   | t[265,295,316,379,402]_l[3] | 85.18%    | 2.18%    | 1.0189          | [85.6,82.2,83.9,87.7,87.5,84.5,82.2,83.9,89.0,85.3]
28   | t[221,295,336,357,379]_l[3] | 85.17%    | 2.20%    | 1.0189          | [85.4,81.5,84.2,87.2,87.6,84.6,82.4,84.8,89.1,85.0]
29   | t[221,295,316,336,357]_l[3] | 85.16%    | 2.53%    | 1.0189          | [86.0,81.2,82.8,87.5,88.0,84.5,81.9,84.5,89.3,85.8]
30   | t[221,295,316,336,402]_l[3] | 85.12%    | 2.58%    | 1.0189          | [86.0,81.2,82.4,87.3,88.8,84.4,82.1,85.2,89.0,84.9]
31   | t[221,295,316,379,402]_l[3] | 85.11%    | 2.32%    | 1.0189          | [85.4,81.4,83.5,87.8,87.3,85.0,81.5,85.2,88.7,85.2]
32   | t[265,295,316,357,402]_l[3] | 85.09%    | 2.54%    | 1.0189          | [86.1,81.0,83.6,87.5,87.9,83.5,82.4,84.1,89.6,85.2]
33   | t[265,316,357,379,402]_l[3] | 85.09%    | 2.45%    | 1.0189          | [85.5,82.4,83.3,87.5,87.9,83.5,82.0,83.9,89.8,85.2]
34   | t[221,336,357,379,402]_l[3] | 85.09%    | 2.50%    | 1.0189          | [85.9,81.9,83.4,87.7,87.7,84.4,81.3,84.0,89.5,85.0]
35   | t[221,265,336,357,402]_l[3] | 85.08%    | 2.32%    | 1.0189          | [86.3,82.2,83.9,86.9,87.7,84.1,82.0,84.1,89.5,84.1]
36   | t[221,295,316,357,402]_l[3] | 85.06%    | 2.40%    | 1.0189          | [86.0,81.2,83.0,87.3,88.0,83.8,82.8,84.0,89.0,85.6]
37   | t[221,265,316,379,402]_l[3] | 85.06%    | 2.12%    | 1.0189          | [85.2,82.2,83.4,87.1,87.6,84.7,82.1,84.3,88.8,85.2]
38   | t[221,265,336,379,402]_l[3] | 85.05%    | 2.28%    | 1.0189          | [85.4,81.5,83.5,87.7,87.0,84.6,82.3,84.7,89.3,84.6]
39   | t[265,316,336,357,402]_l[3] | 85.03%    | 2.56%    | 1.0189          | [85.2,81.4,83.4,87.9,88.0,83.8,82.1,83.9,89.7,84.9]
40   | t[221,316,336,379,402]_l[3] | 85.01%    | 2.15%    | 1.0189          | [85.4,81.9,83.7,87.1,86.9,84.7,81.7,84.8,88.9,85.0]
41   | t[221,316,336,357,402]_l[3] | 85.00%    | 2.27%    | 1.0189          | [85.9,81.5,83.7,87.6,87.1,84.3,82.4,84.1,89.1,84.3]
42   | t[221,265,316,357,402]_l[3] | 84.98%    | 2.31%    | 1.0189          | [86.2,81.7,83.4,87.0,87.8,84.2,82.2,83.6,89.0,84.8]
43   | t[221,316,357,379,402]_l[3] | 84.96%    | 2.28%    | 1.0189          | [85.4,81.9,83.7,86.6,88.0,84.4,81.6,84.1,89.0,84.9]
44   | t[265,316,336,357,379]_l[3] | 84.92%    | 2.29%    | 1.0189          | [85.1,81.9,83.8,87.5,88.0,83.9,82.0,84.0,88.8,84.1]
45   | t[221,316,336,357,379]_l[3] | 84.90%    | 2.45%    | 1.0189          | [85.2,80.9,83.8,87.4,88.4,84.3,81.9,83.6,88.6,84.9]
46   | t[265,295,357,379,402]_l[3] | 84.88%    | 2.56%    | 1.0189          | [85.5,80.3,83.5,87.1,87.8,84.0,81.8,84.0,89.1,85.6]
47   | t[295,336,357,379,402]_l[3] | 84.87%    | 2.24%    | 1.0189          | [85.5,82.2,83.2,86.8,87.9,83.4,82.1,83.6,88.7,85.4]
48   | t[265,316,336,379,402]_l[3] | 84.87%    | 2.26%    | 1.0189          | [85.5,81.9,83.3,87.2,87.3,84.0,81.9,83.8,89.0,84.9]
49   | t[265,295,336,379,402]_l[3] | 84.83%    | 2.17%    | 1.0189          | [85.1,81.9,83.2,86.9,87.4,84.3,81.8,83.9,88.6,85.1]
50   | t[265,336,357,379,402]_l[3] | 84.83%    | 2.39%    | 1.0189          | [85.0,81.3,83.7,87.5,87.5,84.2,81.5,84.0,88.9,84.8]
51   | t[295,316,336,379,402]_l[3] | 84.80%    | 2.33%    | 1.0189          | [85.7,81.2,83.9,87.2,87.1,84.3,81.6,83.4,88.8,84.8]
52   | t[295,316,336,357,402]_l[3] | 84.80%    | 2.71%    | 1.0189          | [86.1,80.7,82.8,87.3,87.5,83.3,81.9,83.4,89.7,85.3]
53   | t[295,316,357,379,402]_l[3] | 84.79%    | 2.46%    | 1.0189          | [85.1,81.2,83.3,87.2,87.3,84.2,81.3,83.8,89.3,85.0]
54   | t[265,295,336,357,402]_l[3] | 84.77%    | 2.68%    | 1.0189          | [85.1,81.2,82.4,87.3,87.6,83.7,81.2,84.6,89.7,85.0]
55   | t[221,265,295,336,357]_l[4] | 84.61%    | 2.01%    | 1.0189          | [83.6,80.7,85.0,87.9,86.4,84.8,82.8,82.9,86.3,85.6]
56   | t[295,316,336,357,379]_l[3] | 84.61%    | 2.31%    | 1.0189          | [85.2,81.0,83.2,87.0,87.2,83.8,81.8,83.7,88.6,84.5]
57   | t[316,336,357,379,402]_l[3] | 84.56%    | 2.35%    | 1.0189          | [84.7,82.0,82.7,87.0,86.7,83.5,81.6,83.7,89.4,84.3]
58   | t[265,316,336,357,402]_l[4] | 84.54%    | 2.08%    | 1.0189          | [84.2,80.8,84.6,87.9,84.9,84.0,82.8,82.7,87.7,85.6]
59   | t[221,295,357,379,402]_l[4] | 84.53%    | 2.12%    | 1.0189          | [83.6,80.7,85.1,88.1,85.8,83.9,82.6,82.7,86.8,86.0]
60   | t[221,265,316,357,379]_l[4] | 84.53%    | 1.92%    | 1.0189          | [83.6,80.5,85.8,87.5,85.1,84.2,83.6,82.9,86.2,86.0]
61   | t[221,265,295,316,402]_l[4] | 84.49%    | 2.17%    | 1.0189          | [83.4,80.9,85.7,88.1,85.3,84.6,82.1,82.3,86.7,85.8]
62   | t[221,295,316,336,402]_l[4] | 84.48%    | 2.19%    | 1.0189          | [83.5,80.9,85.1,88.3,85.0,84.6,81.7,82.8,87.2,85.6]
63   | t[221,265,295,316,336]_l[4] | 84.47%    | 2.15%    | 1.0189          | [83.1,80.7,85.7,88.1,85.8,84.4,82.5,82.4,86.3,85.7]
64   | t[221,295,316,357,402]_l[4] | 84.46%    | 2.04%    | 1.0189          | [84.1,80.6,85.1,87.9,84.9,84.3,82.3,83.1,87.1,85.1]
65   | t[221,265,336,357,402]_l[4] | 84.46%    | 2.16%    | 1.0189          | [83.1,81.2,85.8,87.8,85.3,84.2,81.8,82.4,87.2,85.7]
66   | t[221,265,295,316,357]_l[4] | 84.45%    | 2.03%    | 1.0189          | [82.8,81.0,85.4,88.4,84.8,84.4,82.7,83.0,86.1,85.9]
67   | t[221,265,295,379,402]_l[4] | 84.45%    | 2.01%    | 1.0189          | [83.8,80.6,85.1,87.7,86.0,84.8,82.0,82.9,85.7,85.8]
68   | t[221,265,336,357,379]_l[4] | 84.45%    | 1.89%    | 1.0189          | [83.9,80.9,86.4,87.5,84.9,83.9,82.6,82.9,86.1,85.5]
69   | t[221,265,316,357,402]_l[4] | 84.44%    | 1.93%    | 1.0189          | [83.6,81.3,85.4,86.9,85.1,84.2,82.1,82.7,87.3,85.8]
70   | t[221,265,295,357,379]_l[4] | 84.43%    | 2.05%    | 1.0189          | [83.8,80.9,84.9,88.3,85.7,84.7,81.6,83.0,85.3,86.0]
71   | t[221,265,316,336,357]_l[4] | 84.42%    | 2.09%    | 1.0189          | [83.5,80.9,85.9,87.8,84.3,84.6,82.5,82.2,86.9,85.7]
72   | t[265,295,316,336,402]_l[4] | 84.41%    | 2.45%    | 1.0189          | [83.2,80.8,84.9,87.8,84.6,85.3,81.1,82.4,88.5,85.5]
73   | t[265,316,357,379,402]_l[4] | 84.39%    | 2.21%    | 1.0189          | [83.4,81.1,84.7,88.6,85.4,84.0,81.6,82.7,87.0,85.2]
74   | t[221,316,336,357,379]_l[4] | 84.38%    | 2.03%    | 1.0189          | [83.4,80.7,84.9,88.3,84.9,83.5,83.4,82.7,86.6,85.5]
75   | t[265,295,316,357,402]_l[4] | 84.37%    | 2.09%    | 1.0189          | [84.2,81.1,84.2,88.4,84.7,84.1,81.9,82.7,87.0,85.4]
76   | t[265,336,357,379,402]_l[4] | 84.36%    | 2.01%    | 1.0189          | [82.9,81.4,84.1,88.1,84.9,84.0,82.1,83.4,87.1,85.8]
77   | t[221,265,295,316,379]_l[4] | 84.36%    | 1.91%    | 1.0189          | [83.7,80.2,85.4,87.6,84.7,84.7,83.0,83.0,85.7,85.7]
78   | t[265,295,316,336,357]_l[4] | 84.35%    | 2.25%    | 1.0189          | [83.1,80.6,84.2,89.0,84.7,84.4,82.1,83.2,86.7,85.5]
79   | t[221,265,316,379,402]_l[4] | 84.33%    | 1.99%    | 1.0189          | [83.2,80.4,85.5,87.1,86.4,84.2,82.1,83.1,85.7,85.6]
80   | t[265,295,316,379,402]_l[4] | 84.33%    | 2.29%    | 1.0189          | [83.3,80.7,84.4,88.6,85.7,84.6,81.2,82.7,86.4,85.6]
81   | t[265,316,336,357,379]_l[4] | 84.30%    | 1.89%    | 1.0189          | [83.4,81.1,85.3,87.2,85.0,83.4,82.6,82.6,86.9,85.4]
82   | t[221,265,295,357,402]_l[4] | 84.29%    | 2.07%    | 1.0189          | [83.4,81.1,84.9,87.9,85.0,84.2,81.2,82.9,86.5,85.7]
83   | t[265,295,357,379,402]_l[4] | 84.29%    | 1.88%    | 1.0189          | [83.1,81.2,84.4,88.0,85.4,83.6,82.6,83.0,85.7,85.9]
84   | t[221,295,336,357,379]_l[4] | 84.28%    | 2.06%    | 1.0189          | [83.3,81.1,84.7,87.5,85.4,84.2,81.2,83.0,86.7,85.7]
85   | t[265,295,336,379,402]_l[4] | 84.28%    | 1.91%    | 1.0189          | [83.5,80.9,84.4,87.4,84.8,84.9,81.8,83.0,86.5,85.6]
86   | t[221,265,336,379,402]_l[4] | 84.28%    | 2.05%    | 1.0189          | [83.0,81.0,85.5,87.5,84.2,84.5,81.7,82.8,87.0,85.6]
87   | t[221,295,316,336,379]_l[4] | 84.26%    | 1.74%    | 1.0189          | [83.0,81.3,84.8,87.3,85.0,84.4,82.6,82.7,85.8,85.8]
88   | t[221,316,336,357,402]_l[4] | 84.26%    | 2.13%    | 1.0189          | [84.1,80.9,84.7,87.8,84.8,84.4,81.7,81.9,87.1,85.2]
89   | t[221,265,316,336,402]_l[4] | 84.26%    | 2.04%    | 1.0189          | [83.2,81.2,85.3,87.9,84.0,84.3,82.1,82.3,86.9,85.3]
90   | t[221,265,295,336,402]_l[4] | 84.25%    | 2.19%    | 1.0189          | [83.2,80.4,84.8,87.6,85.6,84.4,81.9,82.1,86.9,85.4]
91   | t[221,295,316,379,402]_l[4] | 84.25%    | 2.29%    | 1.0189          | [83.1,80.2,84.8,88.6,84.9,84.4,82.1,82.3,86.4,85.6]
92   | t[316,336,357,379,402]_l[4] | 84.25%    | 2.11%    | 1.0189          | [83.4,81.2,84.2,88.1,84.7,83.5,82.3,82.2,87.3,85.6]
93   | t[221,265,357,379,402]_l[4] | 84.24%    | 2.20%    | 1.0189          | [82.7,81.0,84.8,87.9,85.8,84.5,81.6,81.9,86.2,85.9]
94   | t[221,336,357,379,402]_l[4] | 84.23%    | 2.00%    | 1.0189          | [83.0,80.6,84.0,88.0,85.0,84.2,82.6,83.1,86.4,85.4]
95   | t[265,295,336,357,402]_l[4] | 84.23%    | 2.09%    | 1.0189          | [83.3,81.2,83.8,87.6,85.5,84.1,82.2,81.8,87.1,85.7]
96   | t[221,295,336,379,402]_l[4] | 84.23%    | 2.10%    | 1.0189          | [83.3,80.6,84.8,87.7,85.1,84.4,81.4,82.8,86.5,85.7]
97   | t[265,316,336,379,402]_l[4] | 84.21%    | 2.06%    | 1.0189          | [82.5,80.8,84.9,87.3,84.4,84.2,81.9,83.1,87.2,85.7]
98   | t[295,316,336,379,402]_l[4] | 84.20%    | 2.18%    | 1.0189          | [83.2,80.7,84.1,88.0,85.3,84.7,81.4,82.6,86.8,85.1]
99   | t[265,295,316,357,379]_l[4] | 84.19%    | 2.11%    | 1.0189          | [83.7,80.5,84.9,87.8,85.6,83.9,81.3,82.8,85.5,86.0]
100  | t[221,295,336,357,402]_l[4] | 84.19%    | 2.06%    | 1.0189          | [83.7,80.9,83.7,87.8,85.2,83.7,81.9,82.6,86.9,85.5]
101  | t[265,295,336,357,379]_l[4] | 84.17%    | 2.09%    | 1.0189          | [83.1,80.2,85.0,87.4,85.6,83.9,82.4,82.3,86.7,85.2]
102  | t[295,316,336,357,379]_l[4] | 84.16%    | 2.02%    | 1.0189          | [83.5,81.1,84.3,88.3,84.9,83.6,81.5,83.2,86.2,85.0]
103  | t[221,295,316,357,379]_l[4] | 84.16%    | 2.26%    | 1.0189          | [83.0,80.1,85.0,88.5,85.3,83.2,82.0,82.9,85.8,85.7]
104  | t[221,295,316,336,357]_l[4] | 84.16%    | 1.94%    | 1.0189          | [82.9,80.6,84.5,88.1,84.6,84.5,82.8,82.7,85.3,85.6]
105  | t[265,295,316,336,379]_l[4] | 84.15%    | 2.05%    | 1.0189          | [82.2,81.1,85.0,87.5,85.1,85.0,81.6,82.4,86.1,85.6]
106  | t[221,265,295,336,379]_l[4] | 84.15%    | 2.16%    | 1.0189          | [82.8,80.1,85.7,87.7,85.5,84.1,81.9,82.6,85.0,86.1]
107  | t[295,316,336,357,402]_l[4] | 84.11%    | 1.99%    | 1.0189          | [83.9,81.3,83.5,87.5,84.4,83.7,81.7,82.8,87.4,85.0]
108  | t[221,265,316,336,379]_l[4] | 84.10%    | 1.91%    | 1.0189          | [83.0,81.0,85.4,87.0,85.2,84.0,81.7,82.2,85.9,85.5]
109  | t[295,316,357,379,402]_l[4] | 84.09%    | 2.31%    | 1.0189          | [82.8,80.6,84.0,88.6,85.4,83.7,81.0,83.2,86.1,85.6]
110  | t[221,316,357,379,402]_l[4] | 84.07%    | 2.11%    | 1.0189          | [83.1,80.6,84.3,88.2,84.5,83.5,81.7,83.1,86.3,85.4]
111  | t[295,336,357,379,402]_l[4] | 84.07%    | 2.10%    | 1.0189          | [83.0,81.0,84.4,87.9,85.3,83.9,81.2,82.3,86.3,85.3]
112  | t[221,316,336,379,402]_l[4] | 84.04%    | 2.11%    | 1.0189          | [83.0,80.6,84.1,87.8,84.5,83.8,81.7,82.4,86.6,85.7]
113  | t[265,295,336,357,379]_l[5] | 82.18%    | 1.40%    | 1.0189          | [81.1,79.9,82.9,84.9,83.4,82.2,80.7,81.4,83.1,82.2]
114  | t[265,295,316,357,379]_l[5] | 82.14%    | 1.54%    | 1.0189          | [81.7,79.4,81.7,85.6,83.3,82.8,81.0,82.0,82.3,81.6]
115  | t[295,316,357,379,402]_l[5] | 82.12%    | 1.41%    | 1.0189          | [83.4,80.2,82.2,85.3,82.2,81.6,80.5,81.1,82.6,82.2]
116  | t[265,295,336,357,402]_l[5] | 82.08%    | 1.53%    | 1.0189          | [81.8,79.6,82.3,85.5,82.3,82.3,80.0,81.8,82.8,82.2]
117  | t[265,336,357,379,402]_l[5] | 82.07%    | 1.40%    | 1.0189          | [81.9,79.4,82.2,85.2,82.2,83.1,81.5,80.9,82.1,82.1]
118  | t[265,295,316,379,402]_l[5] | 81.98%    | 1.45%    | 1.0189          | [81.9,80.3,82.1,85.6,82.8,82.3,80.8,80.8,82.3,80.8]
119  | t[265,295,357,379,402]_l[5] | 81.96%    | 1.27%    | 1.0189          | [82.1,80.0,81.6,84.9,82.1,82.2,80.4,81.6,82.7,82.1]
120  | t[221,265,357,379,402]_l[5] | 81.95%    | 1.22%    | 1.0189          | [82.8,80.3,81.9,84.7,81.9,82.6,80.2,81.5,82.0,81.6]
121  | t[221,336,357,379,402]_l[5] | 81.94%    | 1.12%    | 1.0189          | [81.8,79.9,81.7,84.4,82.3,82.4,80.7,81.8,82.6,81.7]
122  | t[221,265,295,357,379]_l[5] | 81.93%    | 1.37%    | 1.0189          | [82.3,79.5,82.3,84.9,81.8,82.8,80.4,81.5,82.3,81.5]
123  | t[221,316,357,379,402]_l[5] | 81.93%    | 1.08%    | 1.0189          | [82.8,80.0,81.6,84.3,81.8,82.3,81.3,81.0,82.2,81.9]
124  | t[221,265,295,316,357]_l[5] | 81.91%    | 1.40%    | 1.0189          | [82.3,80.1,83.2,84.8,82.6,82.1,80.5,80.7,82.2,80.5]
125  | t[265,316,357,379,402]_l[5] | 81.89%    | 1.13%    | 1.0189          | [82.5,80.3,81.3,84.3,82.4,82.3,80.4,81.1,82.4,81.8]
126  | t[221,265,336,357,379]_l[5] | 81.89%    | 1.29%    | 1.0189          | [82.9,79.7,81.9,84.7,81.2,82.9,80.9,81.3,82.1,81.3]
127  | t[221,265,316,357,402]_l[5] | 81.88%    | 1.45%    | 1.0189          | [82.8,79.3,82.1,85.1,81.2,82.5,81.2,80.9,82.7,81.1]
128  | t[221,265,295,357,402]_l[5] | 81.87%    | 1.48%    | 1.0189          | [82.8,79.9,82.0,85.0,81.7,83.0,80.3,80.1,82.4,81.4]
129  | t[295,316,336,379,402]_l[5] | 81.86%    | 1.27%    | 1.0189          | [82.3,79.9,81.7,84.6,82.0,82.2,80.7,80.4,82.9,81.9]
130  | t[265,316,336,357,379]_l[5] | 81.85%    | 1.17%    | 1.0189          | [81.7,79.4,81.7,84.2,82.3,82.4,81.0,81.4,82.6,82.0]
131  | t[221,295,357,379,402]_l[5] | 81.84%    | 1.26%    | 1.0189          | [82.2,79.8,82.2,84.8,81.4,82.0,80.3,81.5,82.4,81.7]
132  | t[265,295,316,336,357]_l[5] | 81.83%    | 1.67%    | 1.0189          | [82.0,78.9,81.3,85.6,82.6,82.4,79.9,81.6,82.1,82.1]
133  | t[265,295,336,379,402]_l[5] | 81.83%    | 1.45%    | 1.0189          | [81.7,79.6,81.7,85.3,82.3,82.7,80.2,81.7,81.8,81.2]
134  | t[221,295,316,336,379]_l[5] | 81.81%    | 1.36%    | 1.0189          | [81.1,79.5,81.8,85.1,82.4,82.4,81.1,81.2,82.2,81.2]
135  | t[221,265,316,336,357]_l[5] | 81.79%    | 1.52%    | 1.0189          | [82.1,78.5,81.5,84.8,81.9,83.1,81.5,81.2,82.3,81.0]
136  | t[221,265,316,357,379]_l[5] | 81.78%    | 1.35%    | 1.0189          | [81.9,79.4,81.8,84.7,81.7,82.6,80.3,81.7,82.5,81.0]
137  | t[295,336,357,379,402]_l[5] | 81.78%    | 1.54%    | 1.0189          | [81.4,79.3,81.9,85.5,81.7,82.0,80.9,80.6,82.9,81.5]
138  | t[265,295,316,357,402]_l[5] | 81.77%    | 1.61%    | 1.0189          | [82.4,79.4,80.7,85.3,83.1,82.7,80.3,80.6,81.9,81.4]
139  | t[316,336,357,379,402]_l[5] | 81.75%    | 1.37%    | 1.0189          | [81.3,79.2,80.7,84.4,82.2,82.9,80.7,81.2,82.7,82.2]
140  | t[221,295,316,357,379]_l[5] | 81.74%    | 1.46%    | 1.0189          | [81.8,78.7,82.0,85.0,82.3,82.1,80.9,81.3,81.6,81.6]
141  | t[221,265,316,336,379]_l[5] | 81.74%    | 1.35%    | 1.0189          | [81.7,79.2,82.4,84.7,82.0,82.6,81.2,80.5,81.6,81.5]
142  | t[221,265,295,336,379]_l[5] | 81.71%    | 1.45%    | 1.0189          | [82.1,79.7,82.8,84.8,82.0,82.8,80.4,80.2,81.8,80.6]
143  | t[265,316,336,379,402]_l[5] | 81.71%    | 1.47%    | 1.0189          | [82.6,79.4,82.1,84.7,81.6,82.4,79.5,81.0,82.4,81.3]
144  | t[221,316,336,357,379]_l[5] | 81.70%    | 1.11%    | 1.0189          | [82.2,79.4,82.1,83.8,81.4,82.3,80.4,82.0,81.9,81.4]
145  | t[221,295,336,357,402]_l[5] | 81.69%    | 1.66%    | 1.0189          | [82.9,79.1,81.1,85.3,81.3,82.7,80.4,80.1,82.5,81.5]
146  | t[221,295,316,357,402]_l[5] | 81.68%    | 1.56%    | 1.0189          | [82.5,78.7,80.8,85.0,81.1,82.5,80.4,81.5,82.6,81.7]
147  | t[221,265,295,336,357]_l[5] | 81.68%    | 1.56%    | 1.0189          | [81.6,78.7,82.7,85.0,81.8,82.5,80.6,81.6,82.0,80.4]
148  | t[221,295,316,379,402]_l[5] | 81.67%    | 1.43%    | 1.0189          | [82.5,79.3,81.6,84.8,82.2,82.5,80.0,80.9,81.4,81.6]
149  | t[221,295,336,357,379]_l[5] | 81.67%    | 1.51%    | 1.0189          | [81.3,78.6,81.2,84.7,82.1,82.5,80.7,80.8,82.6,82.2]
150  | t[295,316,336,357,379]_l[5] | 81.66%    | 1.33%    | 1.0189          | [81.6,79.4,80.8,84.4,82.4,82.1,80.1,81.4,82.6,81.8]
151  | t[221,265,295,379,402]_l[5] | 81.66%    | 1.39%    | 1.0189          | [82.9,79.6,82.2,84.4,81.6,82.8,80.2,80.6,81.7,80.6]
152  | t[221,265,295,316,402]_l[5] | 81.65%    | 1.41%    | 1.0189          | [82.6,79.3,82.0,84.5,81.8,82.3,80.8,81.1,82.1,79.8]
153  | t[221,265,336,357,402]_l[5] | 81.65%    | 1.41%    | 1.0189          | [82.9,79.8,81.5,84.3,80.3,83.1,80.2,81.1,82.4,80.7]
154  | t[221,265,316,379,402]_l[5] | 81.65%    | 1.36%    | 1.0189          | [82.5,79.0,82.6,83.8,81.7,82.9,80.2,80.5,82.1,81.2]
155  | t[221,265,295,316,379]_l[5] | 81.64%    | 1.23%    | 1.0189          | [82.0,79.1,82.1,83.9,82.6,82.4,80.7,81.4,81.5,80.7]
156  | t[265,295,316,336,379]_l[5] | 81.59%    | 1.45%    | 1.0189          | [81.2,79.2,81.0,84.6,82.8,82.7,80.2,80.7,82.3,81.1]
157  | t[221,265,336,379,402]_l[5] | 81.57%    | 1.29%    | 1.0189          | [82.2,79.3,81.8,83.7,81.0,83.4,80.3,80.6,82.2,81.2]
158  | t[221,265,316,336,402]_l[5] | 81.55%    | 1.42%    | 1.0189          | [82.8,79.4,81.6,84.5,80.9,82.5,80.4,80.3,82.4,80.8]
159  | t[221,265,295,336,402]_l[5] | 81.55%    | 1.36%    | 1.0189          | [81.9,80.1,82.0,84.5,82.1,82.5,80.1,80.0,81.9,80.4]
160  | t[265,295,316,336,402]_l[5] | 81.54%    | 1.42%    | 1.0189          | [81.7,79.5,81.9,84.9,81.2,82.2,80.5,80.1,82.4,81.0]
161  | t[221,295,316,336,357]_l[5] | 81.54%    | 1.62%    | 1.0189          | [82.4,78.7,81.2,85.2,81.4,81.7,79.9,81.7,82.3,80.9]
162  | t[265,316,336,357,402]_l[5] | 81.52%    | 1.27%    | 1.0189          | [81.7,79.9,81.7,84.3,81.4,82.1,80.2,80.4,82.8,80.8]
163  | t[221,316,336,357,402]_l[5] | 81.52%    | 1.50%    | 1.0189          | [82.6,79.1,81.8,84.6,80.6,82.6,80.3,80.4,82.4,80.7]
164  | t[221,295,336,379,402]_l[5] | 81.49%    | 1.64%    | 1.0189          | [82.1,78.8,81.1,84.7,81.3,82.9,79.5,80.1,82.6,81.8]
165  | t[221,316,336,379,402]_l[5] | 81.48%    | 1.31%    | 1.0189          | [82.6,79.4,81.5,83.9,81.4,82.4,79.9,80.2,82.2,81.2]
166  | t[221,265,295,316,336]_l[5] | 81.48%    | 1.27%    | 1.0189          | [81.7,78.9,82.2,84.0,81.8,82.4,80.6,80.8,81.8,80.7]
167  | t[221,295,316,336,402]_l[5] | 81.35%    | 1.57%    | 1.0189          | [82.6,79.6,80.1,84.5,81.4,82.2,80.1,79.8,82.9,80.3]
168  | t[295,316,336,357,402]_l[5] | 81.34%    | 1.64%    | 1.0189          | [82.2,78.8,80.1,85.0,81.1,81.9,79.9,80.7,82.7,81.0]
