============================================================
🏆 WINNER CONFIGURATION: t[233,265,290,340,365]_l[3]
============================================================

--- 0. Hardware & Performance Metrics ---
[Parameters]
  - VAE Parameters         : 1.35 M
  - DiT Parameters         : 16.70 M
  - Classifier Parameters  : 1.0189 M
[FLOPs (单次前向传播)]
  - VAE FLOPs              : 514,064,384.0 (0.51G)
  - DiT FLOPs              : 698,548,224.0 (0.70G)
[Time]
  - Feature Extract Time   : 10.12 Seconds
  - DiT Inference Time     : 3.9286 Seconds (Total), 4.76 ms (Avg per call)
  - Classifier Inference   : 0.38 ms (Avg per Test Set)
[GPU Memory]
  - Peak VRAM (Extraction) : 327.01 MB
  - Peak VRAM (Train/Test) : 367.36 MB

--- 1. Overall Metrics (Mean ± Std over 10 seeds) ---
OA:    85.6640% ± 2.3844%
AA:    87.7815% ± 1.9873%
Kappa: 0.8451  ± 0.0258

--- 2. Per-Class Accuracy (Mean ± Std) ---
Healthy Grass            : 84.10% ± 10.04%
Stressed Grass           : 88.13% ± 5.28%
Trees                    : 99.49% ± 0.49%
Water                    : 92.95% ± 4.85%
Residential Buildings    : 99.00% ± 2.72%
Non-Residential Buildings: 90.03% ± 5.74%
Roads                    : 78.58% ± 10.02%
Sidewalks                : 62.16% ± 13.55%
Crosswalks               : 72.02% ± 15.59%
Major Thoroughfares      : 82.72% ± 15.30%
Highways                 : 94.01% ± 7.11%
Railway                  : 78.22% ± 13.78%
Paved Parking Lots       : 95.30% ± 0.78%
Unpaved Parking Lots     : 100.00% ± 0.00%
Cars                     : 100.00% ± 0.00%

--- 3. Best Seed Detailed Report (Highest OA run) ---
                           precision    recall  f1-score   support

            Healthy Grass     0.7695    0.9430    0.8475      1246
           Stressed Grass     0.8878    0.8679    0.8777      1249
                    Trees     1.0000    0.9957    0.9978       692
                    Water     0.9276    0.8684    0.8970      1239
    Residential Buildings     0.9947    0.9086    0.9497      1237
Non-Residential Buildings     0.9279    0.9656    0.9464       320
                    Roads     0.7541    0.9177    0.8279      1263
                Sidewalks     0.8735    0.8192    0.8455      1239
               Crosswalks     0.8926    0.6464    0.7498      1247
      Major Thoroughfares     0.9195    1.0000    0.9581      1222
                 Highways     0.9983    0.9325    0.9643      1230
                  Railway     0.9845    0.8770    0.9276      1228
       Paved Parking Lots     0.8889    0.9483    0.9176       464
     Unpaved Parking Lots     0.9549    1.0000    0.9769       423
                     Cars     0.8376    1.0000    0.9116       655

                 accuracy                         0.8961     14954
                macro avg     0.9074    0.9127    0.9064     14954
             weighted avg     0.9034    0.8961    0.8955     14954


============================================================
🚀 LEADERBOARD (All Configs)
============================================================
Rank | Config                    | Mean OA    | Std Dev    | Cls Params(M)   | Runs (OA)
-----------------------------------------------------------------------------------------------
1    | t[233,265,290,340,365]_l[3] | 85.66%    | 2.38%    | 1.0189          | [86.3,82.4,83.7,88.6,88.3,84.9,82.7,84.5,89.6,85.4]
2    | t[233,290,315,340,365]_l[3] | 85.64%    | 2.44%    | 1.0189          | [86.1,81.4,83.8,89.1,87.8,85.2,82.7,85.4,89.1,85.6]
3    | t[233,265,290,340,395]_l[3] | 85.49%    | 2.47%    | 1.0189          | [86.7,82.0,83.0,88.3,88.1,84.4,82.5,85.0,89.5,85.4]
4    | t[233,265,290,315,365]_l[3] | 85.48%    | 2.24%    | 1.0189          | [86.1,82.5,83.9,87.9,88.1,84.8,82.4,84.3,89.2,85.6]
5    | t[233,265,315,340,365]_l[3] | 85.45%    | 2.27%    | 1.0189          | [86.2,82.0,83.5,88.0,87.1,85.0,82.7,84.9,89.7,85.4]
6    | t[233,265,290,315,340]_l[3] | 85.44%    | 2.13%    | 1.0189          | [86.1,82.5,83.2,87.5,88.2,84.6,83.3,84.3,89.0,85.6]
7    | t[233,265,290,315,395]_l[3] | 85.40%    | 2.39%    | 1.0189          | [85.9,81.9,83.6,88.3,88.4,84.7,83.0,84.0,89.4,84.9]
8    | t[233,265,315,340,395]_l[3] | 85.39%    | 2.31%    | 1.0189          | [86.1,82.0,83.0,88.1,88.5,84.4,83.2,84.3,88.9,85.4]
9    | t[233,265,290,365,395]_l[3] | 85.35%    | 2.27%    | 1.0189          | [86.5,81.9,83.5,87.7,87.6,85.0,82.4,84.4,89.2,85.3]
10   | t[265,290,315,340,365]_l[3] | 85.33%    | 2.34%    | 1.0189          | [86.2,82.0,83.2,87.9,88.3,84.4,82.3,84.7,88.8,85.5]
11   | t[233,265,340,365,395]_l[3] | 85.30%    | 2.47%    | 1.0189          | [86.6,81.8,82.8,88.4,87.5,84.6,82.6,84.1,89.5,85.1]
12   | t[233,265,315,365,395]_l[3] | 85.29%    | 2.37%    | 1.0189          | [86.2,81.6,83.5,87.5,87.9,84.4,82.4,84.3,89.5,85.4]
13   | t[233,290,315,340,395]_l[3] | 85.27%    | 2.28%    | 1.0189          | [86.4,81.4,83.4,88.2,87.4,84.5,82.6,85.0,88.7,85.2]
14   | t[233,265,315,340]_l[3]   | 85.24%    | 2.14%    | 0.8223          | [86.9,81.1,84.5,86.5,86.8,85.7,83.2,84.4,89.1,84.1]
15   | t[233,290,315,365,395]_l[3] | 85.23%    | 2.40%    | 1.0189          | [86.3,81.0,83.3,87.8,87.8,84.3,82.9,84.4,89.1,85.5]
16   | t[265,290,315,340,395]_l[3] | 85.17%    | 2.37%    | 1.0189          | [86.0,81.4,82.5,88.0,87.4,84.5,82.8,84.5,89.0,85.5]
17   | t[233,265,290,315]_l[3]   | 85.14%    | 2.22%    | 0.8223          | [87.0,80.5,85.5,86.3,85.9,85.2,82.7,84.4,89.1,84.7]
18   | t[265,290,315,365,395]_l[3] | 85.12%    | 2.27%    | 1.0189          | [86.0,81.3,83.7,87.4,87.7,84.0,83.0,84.1,89.1,84.8]
19   | t[265,290,340,365]_l[3]   | 85.09%    | 1.98%    | 0.8223          | [86.4,81.5,84.4,85.9,87.1,84.8,83.8,84.3,89.1,83.8]
20   | t[233,290,340,365,395]_l[3] | 85.06%    | 2.36%    | 1.0189          | [86.4,81.2,83.0,87.8,87.3,83.8,83.1,84.6,89.1,84.4]
21   | t[233,265,290,395]_l[3]   | 85.05%    | 2.62%    | 0.8223          | [87.8,80.6,85.3,86.5,86.7,83.6,82.3,84.0,90.0,83.8]
22   | t[233,290,315,340]_l[3]   | 85.02%    | 2.33%    | 0.8223          | [87.0,80.2,84.5,86.9,86.8,85.3,83.1,84.6,88.7,83.1]
23   | t[290,315,340,365,395]_l[3] | 85.01%    | 2.53%    | 1.0189          | [86.1,80.9,83.5,87.6,87.4,84.8,81.9,84.2,89.5,84.2]
24   | t[233,265,290,340]_l[3]   | 85.00%    | 2.12%    | 0.8223          | [86.8,80.8,84.7,86.9,85.9,85.0,82.9,84.3,88.7,84.0]
25   | t[233,315,340,365,395]_l[3] | 84.96%    | 2.48%    | 1.0189          | [86.1,80.7,82.8,87.6,87.8,84.7,82.5,84.3,88.8,84.3]
26   | t[265,290,315,340]_l[3]   | 84.94%    | 2.39%    | 0.8223          | [87.0,80.4,84.5,86.3,86.7,84.9,83.2,84.0,89.4,83.3]
27   | t[233,265,340,395]_l[3]   | 84.94%    | 2.33%    | 0.8223          | [87.4,80.6,84.2,86.3,86.3,84.7,82.6,83.7,89.2,84.5]
28   | t[233,265,315,365]_l[3]   | 84.94%    | 2.31%    | 0.8223          | [86.8,80.4,85.7,86.2,85.7,85.3,82.6,84.0,89.1,83.5]
29   | t[233,290,315,365]_l[3]   | 84.93%    | 2.05%    | 0.8223          | [86.2,80.8,85.5,86.2,86.3,84.8,83.2,84.6,88.6,83.2]
30   | t[233,315,340,365]_l[3]   | 84.92%    | 2.37%    | 0.8223          | [86.8,80.0,85.0,86.1,86.6,85.1,82.8,84.6,89.0,83.2]
31   | t[265,315,340,365]_l[3]   | 84.91%    | 2.26%    | 0.8223          | [86.8,80.5,84.8,85.6,87.4,85.2,82.7,84.3,88.6,83.3]
32   | t[233,265,340,365]_l[3]   | 84.91%    | 2.27%    | 0.8223          | [86.5,80.1,84.5,85.7,86.3,85.6,82.9,84.1,89.1,84.1]
33   | t[233,265,365,395]_l[3]   | 84.90%    | 2.23%    | 0.8223          | [87.0,80.9,84.1,86.7,85.8,84.5,83.4,83.9,89.3,83.5]
34   | t[290,315,340,365]_l[3]   | 84.88%    | 2.30%    | 0.8223          | [86.7,80.3,85.0,86.1,86.5,84.8,82.5,84.6,88.9,83.4]
35   | t[233,290,340,365]_l[3]   | 84.88%    | 2.23%    | 0.8223          | [86.5,80.7,84.8,85.9,86.0,84.8,82.6,84.5,89.4,83.6]
36   | t[233,265,290,365]_l[3]   | 84.87%    | 2.34%    | 0.8223          | [86.9,79.9,85.1,86.4,85.9,84.7,82.8,84.2,89.0,83.8]
37   | t[265,290,340,365,395]_l[3] | 84.87%    | 2.27%    | 1.0189          | [86.0,81.4,83.2,87.6,86.9,83.6,82.5,83.9,88.8,84.8]
38   | t[233,290,340,395]_l[3]   | 84.85%    | 2.59%    | 0.8223          | [87.7,79.9,84.3,85.8,86.2,84.2,82.9,83.8,89.9,83.9]
39   | t[233,290,315,395]_l[3]   | 84.84%    | 2.48%    | 0.8223          | [87.1,79.9,85.3,86.6,87.1,84.1,82.3,83.8,88.6,83.5]
40   | t[233,265,315,395]_l[3]   | 84.83%    | 2.48%    | 0.8223          | [87.6,80.0,84.7,85.9,85.2,84.5,83.1,83.9,89.7,83.8]
41   | t[233,315,340,395]_l[3]   | 84.82%    | 2.37%    | 0.8223          | [87.1,80.2,84.5,86.7,86.1,84.3,82.4,84.0,88.9,83.9]
42   | t[265,290,315,395]_l[3]   | 84.79%    | 2.21%    | 0.8223          | [86.9,80.6,84.5,85.6,86.8,84.2,83.2,83.5,88.9,83.7]
43   | t[265,315,340,365,395]_l[3] | 84.78%    | 2.32%    | 1.0189          | [85.1,80.8,83.5,87.2,87.1,84.7,82.0,84.1,88.8,84.4]
44   | t[265,290,340,395]_l[3]   | 84.77%    | 2.33%    | 0.8223          | [86.2,80.6,84.3,85.7,86.2,84.2,83.1,83.7,89.9,83.9]
45   | t[265,290,315,365]_l[3]   | 84.75%    | 2.14%    | 0.8223          | [85.9,80.4,85.3,86.1,86.3,85.0,83.1,83.6,88.6,83.4]
46   | t[290,315,340,395]_l[3]   | 84.73%    | 2.53%    | 0.8223          | [87.1,80.0,84.2,87.0,86.5,84.0,81.9,84.1,88.9,83.5]
47   | t[265,315,340,395]_l[3]   | 84.71%    | 2.52%    | 0.8223          | [86.8,79.6,84.1,85.7,86.7,84.9,81.9,84.2,89.1,84.0]
48   | t[233,290,365,395]_l[3]   | 84.63%    | 2.54%    | 0.8223          | [86.9,79.4,84.4,86.6,86.3,83.5,83.3,83.2,89.0,83.5]
49   | t[265,340,365,395]_l[3]   | 84.61%    | 2.39%    | 0.8223          | [86.1,80.2,84.6,85.3,87.1,84.2,83.0,83.3,89.3,83.0]
50   | t[233,340,365,395]_l[3]   | 84.60%    | 2.28%    | 0.8223          | [86.8,80.5,84.5,86.4,85.9,83.8,82.6,83.7,88.7,83.0]
51   | t[233,265,290,315,340]_l[4] | 84.59%    | 2.24%    | 1.0189          | [83.8,80.1,85.2,88.4,85.1,84.4,84.0,82.0,86.9,86.1]
52   | t[265,290,315,340,365]_l[4] | 84.57%    | 2.27%    | 1.0189          | [83.7,79.9,84.9,88.4,85.2,84.9,83.3,82.6,87.0,85.9]
53   | t[265,290,365,395]_l[3]   | 84.54%    | 2.44%    | 0.8223          | [86.6,79.8,84.2,85.6,87.0,83.2,83.0,83.2,88.9,83.9]
54   | t[290,315,365,395]_l[3]   | 84.52%    | 2.49%    | 0.8223          | [87.1,79.7,84.6,85.7,86.0,84.0,82.0,84.1,89.0,83.0]
55   | t[233,290,315,340,365]_l[4] | 84.51%    | 2.04%    | 1.0189          | [83.9,80.4,84.7,88.0,84.9,84.9,83.1,82.6,86.7,85.9]
56   | t[233,265,315,395]_l[4]   | 84.50%    | 2.25%    | 0.8223          | [85.4,79.8,85.8,85.8,85.1,85.3,81.5,83.7,88.2,84.2]
57   | t[233,265,315,340,365]_l[4] | 84.48%    | 2.14%    | 1.0189          | [84.3,79.9,84.6,88.5,84.8,84.6,83.3,82.9,86.1,85.8]
58   | t[233,290,315,340,395]_l[4] | 84.48%    | 2.18%    | 1.0189          | [83.9,79.9,84.4,88.3,84.7,84.7,82.9,83.2,86.8,85.9]
59   | t[265,290,340,365,395]_l[4] | 84.46%    | 2.19%    | 1.0189          | [83.7,79.9,84.6,88.0,84.8,84.9,83.2,82.5,87.0,85.9]
60   | t[233,265,340,365]_l[4]   | 84.45%    | 2.18%    | 0.8223          | [85.8,80.3,85.7,85.8,85.3,85.7,81.2,83.5,87.7,83.6]
61   | t[233,315,365,395]_l[3]   | 84.45%    | 2.23%    | 0.8223          | [87.0,80.5,84.2,85.9,86.3,83.7,81.8,83.8,88.0,83.3]
62   | t[233,265,290,340]_l[4]   | 84.44%    | 2.32%    | 0.8223          | [84.9,80.6,84.8,86.7,84.9,85.7,81.6,84.1,88.9,82.3]
63   | t[290,315,340,365]_l[4]   | 84.43%    | 2.29%    | 0.8223          | [84.7,80.0,85.8,86.3,84.6,86.2,81.6,84.1,88.2,82.9]
64   | t[233,265,290,340,365]_l[4] | 84.42%    | 2.21%    | 1.0189          | [83.8,80.3,85.1,88.2,85.1,84.1,82.9,82.1,87.0,85.7]
65   | t[233,265,290,340,395]_l[4] | 84.41%    | 1.98%    | 1.0189          | [84.0,80.5,84.8,88.1,84.7,84.6,83.1,82.5,86.4,85.3]
66   | t[233,265,290,315,365]_l[4] | 84.40%    | 2.06%    | 1.0189          | [84.5,80.5,85.6,87.5,85.2,83.8,82.1,82.5,86.7,85.5]
67   | t[233,315,340,395]_l[4]   | 84.40%    | 2.15%    | 0.8223          | [84.9,81.1,84.5,85.8,84.9,85.5,81.5,84.2,88.9,82.7]
68   | t[265,315,365,395]_l[3]   | 84.40%    | 2.25%    | 0.8223          | [86.7,80.0,84.6,85.7,85.3,84.0,82.8,83.3,88.6,83.0]
69   | t[233,290,315,395]_l[4]   | 84.39%    | 2.23%    | 0.8223          | [85.0,80.5,85.3,86.0,85.6,85.5,81.4,83.9,88.3,82.4]
70   | t[233,290,340,365]_l[4]   | 84.39%    | 2.33%    | 0.8223          | [85.8,80.4,85.6,85.6,85.3,85.5,80.9,83.4,88.4,83.0]
71   | t[233,265,340,365,395]_l[4] | 84.38%    | 2.17%    | 1.0189          | [84.1,80.2,84.8,87.9,84.6,83.9,82.9,82.4,87.1,86.0]
72   | t[233,290,315,365]_l[4]   | 84.35%    | 2.27%    | 0.8223          | [85.1,80.2,85.5,85.9,85.8,85.2,81.2,82.9,88.1,83.5]
73   | t[290,340,365,395]_l[3]   | 84.34%    | 2.40%    | 0.8223          | [87.0,79.8,84.0,85.5,85.3,84.6,82.6,83.5,88.8,82.3]
74   | t[265,315,340,365,395]_l[4] | 84.33%    | 1.89%    | 1.0189          | [83.9,80.8,84.2,87.8,85.1,84.4,83.2,82.3,86.3,85.4]
75   | t[233,290,340,365,395]_l[4] | 84.32%    | 2.13%    | 1.0189          | [83.8,80.2,83.8,88.5,84.9,84.8,83.0,82.7,86.3,85.3]
76   | t[265,290,315,365]_l[4]   | 84.32%    | 2.41%    | 0.8223          | [84.7,79.7,85.6,86.2,85.4,85.5,81.4,83.2,88.5,83.1]
77   | t[233,265,315,340]_l[4]   | 84.31%    | 2.36%    | 0.8223          | [85.1,80.0,84.7,85.8,84.8,86.0,81.3,83.9,88.7,82.7]
78   | t[265,290,315,340,395]_l[4] | 84.31%    | 2.61%    | 1.0189          | [83.6,79.2,84.4,88.8,85.0,84.1,82.2,82.6,87.7,85.5]
79   | t[290,315,340,365,395]_l[4] | 84.30%    | 1.99%    | 1.0189          | [83.9,80.8,84.3,88.3,84.8,84.8,82.3,82.5,85.8,85.6]
80   | t[233,290,340,395]_l[4]   | 84.29%    | 2.23%    | 0.8223          | [84.8,80.4,85.5,85.1,84.6,85.5,81.9,83.3,89.0,82.8]
81   | t[233,315,340,365]_l[4]   | 84.29%    | 2.06%    | 0.8223          | [85.0,79.7,85.3,86.1,84.7,86.0,81.8,84.0,86.8,83.4]
82   | t[265,290,340,365]_l[4]   | 84.28%    | 1.96%    | 0.8223          | [84.6,80.6,85.5,85.4,84.6,85.2,82.2,83.9,88.1,82.9]
83   | t[233,265,315,365,395]_l[4] | 84.28%    | 2.13%    | 1.0189          | [83.8,80.3,84.2,87.6,85.3,84.3,82.5,82.2,87.0,85.7]
84   | t[265,315,340,365]_l[4]   | 84.28%    | 2.19%    | 0.8223          | [85.6,80.2,85.8,86.1,85.0,85.5,81.0,84.2,87.0,82.5]
85   | t[265,290,315,340]_l[4]   | 84.28%    | 2.30%    | 0.8223          | [84.0,80.4,85.2,86.3,85.0,85.6,81.2,83.4,88.6,83.1]
86   | t[265,290,340,395]_l[4]   | 84.27%    | 2.29%    | 0.8223          | [84.9,80.1,86.0,85.6,84.8,84.7,81.3,83.6,88.6,83.0]
87   | t[233,265,290,315,395]_l[4] | 84.26%    | 2.15%    | 1.0189          | [83.9,79.8,84.3,87.8,85.0,83.9,83.0,82.4,86.5,86.1]
88   | t[233,290,315,340]_l[4]   | 84.25%    | 2.34%    | 0.8223          | [84.0,80.0,84.9,86.3,85.0,85.9,81.1,83.7,88.4,83.2]
89   | t[233,265,290,365]_l[4]   | 84.23%    | 2.32%    | 0.8223          | [84.8,79.6,86.0,85.7,85.0,85.4,81.0,83.9,87.8,83.0]
90   | t[233,265,340,395]_l[4]   | 84.21%    | 2.15%    | 0.8223          | [85.3,80.3,85.2,84.6,84.7,84.9,81.4,83.6,88.6,83.7]
91   | t[233,265,315,365]_l[4]   | 84.21%    | 2.42%    | 0.8223          | [85.3,79.1,85.9,86.3,85.1,85.4,81.1,83.9,87.4,82.5]
92   | t[233,265,365,395]_l[4]   | 84.21%    | 2.38%    | 0.8223          | [85.4,79.5,85.6,85.3,84.7,85.5,81.3,83.1,88.4,83.5]
93   | t[233,265,290,315]_l[4]   | 84.20%    | 2.38%    | 0.8223          | [85.2,79.6,84.4,86.5,84.4,85.8,81.4,83.2,88.3,83.3]
94   | t[265,315,365,395]_l[4]   | 84.19%    | 2.32%    | 0.8223          | [85.1,79.7,84.7,85.9,84.9,86.0,81.1,82.5,87.9,84.1]
95   | t[233,290,315,365,395]_l[4] | 84.17%    | 2.13%    | 1.0189          | [83.3,80.1,84.2,88.2,84.8,84.6,82.8,82.3,86.2,85.3]
96   | t[233,265,290,365,395]_l[4] | 84.15%    | 1.91%    | 1.0189          | [83.1,80.3,84.9,87.2,84.8,84.3,83.0,82.5,86.5,85.0]
97   | t[233,290,365,395]_l[4]   | 84.15%    | 2.39%    | 0.8223          | [85.1,80.7,85.5,85.4,84.8,85.1,80.1,82.8,88.7,83.3]
98   | t[265,290,315,395]_l[4]   | 84.14%    | 2.39%    | 0.8223          | [84.3,80.8,85.0,85.9,84.7,85.0,80.8,83.1,89.3,82.5]
99   | t[265,290,315,365,395]_l[4] | 84.14%    | 2.25%    | 1.0189          | [83.5,79.4,84.3,88.1,84.5,84.3,82.8,82.5,86.5,85.5]
100  | t[265,340,365,395]_l[4]   | 84.12%    | 2.21%    | 0.8223          | [85.1,80.6,85.2,85.3,84.4,85.2,81.3,82.6,88.6,82.9]
101  | t[315,340,365,395]_l[3]   | 84.11%    | 2.41%    | 0.8223          | [87.0,79.5,84.0,85.8,86.3,83.5,82.5,83.2,87.6,81.9]
102  | t[233,315,365,395]_l[4]   | 84.11%    | 2.42%    | 0.8223          | [85.1,79.6,84.4,85.6,84.7,86.0,80.9,82.9,88.4,83.4]
103  | t[233,265,290,395]_l[4]   | 84.10%    | 2.40%    | 0.8223          | [85.4,79.9,86.2,85.5,84.7,85.4,81.0,83.3,87.9,81.9]
104  | t[233,265,315,340,395]_l[4] | 84.10%    | 2.04%    | 1.0189          | [83.7,80.0,84.3,87.9,83.9,84.0,82.3,83.1,86.2,85.3]
105  | t[290,315,365,395]_l[4]   | 84.07%    | 2.34%    | 0.8223          | [84.8,80.0,85.0,86.2,84.7,85.5,81.0,82.7,88.2,82.6]
106  | t[233,315,340,365,395]_l[4] | 84.01%    | 1.89%    | 1.0189          | [83.3,80.9,83.0,87.6,84.6,84.0,82.9,82.1,86.1,85.5]
107  | t[290,315,340,395]_l[4]   | 84.01%    | 2.51%    | 0.8223          | [84.2,79.5,85.5,85.9,85.0,85.0,81.0,83.6,88.6,81.9]
108  | t[265,290,365,395]_l[4]   | 84.00%    | 2.15%    | 0.8223          | [84.4,80.6,84.6,85.2,84.9,84.9,81.1,82.5,88.4,83.4]
109  | t[315,340,365,395]_l[4]   | 83.93%    | 2.28%    | 0.8223          | [84.8,79.6,84.8,86.1,85.1,84.8,80.9,83.4,87.5,82.4]
110  | t[233,340,365,395]_l[4]   | 83.93%    | 2.19%    | 0.8223          | [84.7,80.4,85.2,85.0,84.7,85.1,81.2,82.7,88.2,82.1]
111  | t[290,340,365,395]_l[4]   | 83.93%    | 2.11%    | 0.8223          | [84.4,80.4,84.9,85.7,84.3,86.0,81.1,82.9,87.3,82.3]
112  | t[265,315,340,395]_l[4]   | 83.88%    | 2.38%    | 0.8223          | [84.5,79.1,84.8,85.6,84.2,85.2,81.4,83.9,88.1,82.0]
