============================================================
🏆 WINNER CONFIGURATION: t[165,233,248,264,292]_l[3]
============================================================

--- 0. Hardware & Performance Metrics ---
[Parameters]
  - VAE Parameters         : 1.35 M
  - DiT Parameters         : 16.70 M
  - Classifier Parameters  : 1.0190 M
[FLOPs (单次前向传播)]
  - VAE FLOPs              : 514,064,384.0 (0.51G)
  - DiT FLOPs              : 698,548,224.0 (0.70G)
[Time]
  - Feature Extract Time   : 124.91 Seconds
  - DiT Inference Time     : 23.1484 Seconds (Total), 31.20 ms (Avg per call)
  - Classifier Inference   : 3.05 ms (Avg per Test Set)
[GPU Memory]
  - Peak VRAM (Extraction) : 1112.99 MB
  - Peak VRAM (Train/Test) : 1112.62 MB

--- 1. Overall Metrics (Mean ± Std over 10 seeds) ---
OA:    93.8497% ± 0.8573%
AA:    95.5542% ± 1.1545%
Kappa: 0.9317  ± 0.0095

--- 2. Per-Class Accuracy (Mean ± Std) ---
Brocoli_green_weeds_1    : 98.86% ± 1.67%
Brocoli_green_weeds_2    : 98.77% ± 2.17%
Fallow                   : 98.08% ± 4.26%
Fallow_rough_plow        : 98.67% ± 1.39%
Fallow_smooth            : 92.07% ± 4.80%
Stubble                  : 98.23% ± 1.60%
Celery                   : 99.46% ± 0.86%
Grapes_untrained         : 84.06% ± 3.79%
Soil_vinyard_develop     : 99.73% ± 0.35%
Corn_senesced_green_weeds: 91.71% ± 6.24%
Lettuce_romaine_4wk      : 99.34% ± 0.45%
Lettuce_romaine_5wk      : 96.62% ± 2.88%
Lettuce_romaine_6wk      : 92.24% ± 3.76%
Lettuce_romaine_7wk      : 90.96% ± 9.80%
Vinyard_untrained        : 92.74% ± 3.96%
Vinyard_vertical_trellis : 97.33% ± 3.06%

--- 3. Best Seed Detailed Report (Highest OA run) ---
                           precision    recall  f1-score   support

    Brocoli_green_weeds_1     0.9094    0.9915    0.9487      2004
    Brocoli_green_weeds_2     0.9955    1.0000    0.9977      3721
                   Fallow     0.9939    0.9980    0.9959      1971
        Fallow_rough_plow     0.8979    0.9813    0.9377      1389
            Fallow_smooth     0.9875    0.9158    0.9503      2673
                  Stubble     0.9844    0.9922    0.9883      3954
                   Celery     0.9920    1.0000    0.9960      3574
         Grapes_untrained     0.9639    0.8986    0.9301     11266
     Soil_vinyard_develop     0.9990    0.9990    0.9990      6198
Corn_senesced_green_weeds     0.9819    0.9126    0.9460      3273
      Lettuce_romaine_4wk     0.9943    0.9915    0.9929      1063
      Lettuce_romaine_5wk     0.9728    0.9688    0.9708      1922
      Lettuce_romaine_6wk     0.9308    0.9001    0.9152       911
      Lettuce_romaine_7wk     0.7635    0.9850    0.8602      1065
        Vinyard_untrained     0.8701    0.9462    0.9065      7263
 Vinyard_vertical_trellis     1.0000    0.9390    0.9685      1802

                 accuracy                         0.9553     54049
                macro avg     0.9523    0.9637    0.9565     54049
             weighted avg     0.9581    0.9553    0.9557     54049


============================================================
🚀 LEADERBOARD (All Configs)
============================================================
Rank | Config                    | Mean OA    | Std Dev    | Cls Params(M)   | Runs (OA)
-----------------------------------------------------------------------------------------------
1    | t[165,233,248,264,292]_l[3] | 93.85%    | 0.86%    | 1.0190          | [93.4,94.6,93.3,94.5,92.5,94.4,93.4,93.0,93.9,95.5]
2    | t[165,201,217,248,292]_l[3] | 93.84%    | 0.81%    | 1.0190          | [93.6,94.8,92.6,94.6,93.1,94.1,94.0,93.3,93.1,95.3]
3    | t[165,201,233,264,292]_l[3] | 93.82%    | 0.82%    | 1.0190          | [93.4,94.5,93.0,94.6,92.5,94.0,93.3,93.2,94.2,95.3]
4    | t[201,217,248,264,292]_l[3] | 93.81%    | 0.83%    | 1.0190          | [93.7,94.4,93.1,94.3,92.2,93.8,93.6,93.7,93.8,95.6]
5    | t[165,217,233,248,264]_l[3] | 93.81%    | 0.93%    | 1.0190          | [93.4,94.5,92.6,94.8,92.3,94.0,93.8,93.3,93.9,95.5]
6    | t[165,201,248,264,292]_l[3] | 93.80%    | 0.93%    | 1.0190          | [93.7,94.5,92.9,94.8,92.3,94.1,93.5,93.2,93.4,95.6]
7    | t[201,217,233,248,264]_l[3] | 93.79%    | 0.91%    | 1.0190          | [93.4,94.4,92.7,94.7,92.6,94.2,93.7,93.0,93.5,95.6]
8    | t[165,201,217,233,248]_l[3] | 93.78%    | 0.83%    | 1.0190          | [93.9,94.6,92.5,94.0,92.7,93.8,94.1,93.5,93.2,95.5]
9    | t[201,233,248,264,292]_l[3] | 93.77%    | 0.84%    | 1.0190          | [93.7,94.6,93.1,94.4,92.3,93.9,93.2,93.4,93.4,95.5]
10   | t[165,201,233,248,264]_l[3] | 93.76%    | 0.83%    | 1.0190          | [93.5,94.6,92.7,94.4,92.6,94.1,93.8,93.0,93.6,95.3]
11   | t[165,201,217,233,292]_l[3] | 93.76%    | 0.95%    | 1.0190          | [93.6,94.5,93.5,94.1,91.5,93.5,93.6,93.7,94.0,95.5]
12   | t[165,217,233,248,292]_l[3] | 93.74%    | 0.81%    | 1.0190          | [93.6,94.5,92.7,94.5,92.9,93.9,93.8,92.8,93.5,95.3]
13   | t[165,217,248,264,292]_l[3] | 93.74%    | 0.95%    | 1.0190          | [93.7,94.7,93.0,94.6,92.0,93.8,93.7,93.1,93.2,95.5]
14   | t[165,201,217,264,292]_l[3] | 93.74%    | 0.93%    | 1.0190          | [93.5,94.5,93.1,94.8,91.9,93.6,93.6,93.4,93.5,95.4]
15   | t[165,201,217,233,264]_l[3] | 93.74%    | 0.85%    | 1.0190          | [93.8,94.3,92.9,94.6,92.3,94.2,93.5,93.2,93.2,95.4]
16   | t[217,233,248,264,292]_l[3] | 93.73%    | 0.84%    | 1.0190          | [94.0,94.4,93.1,94.2,92.4,93.9,93.2,92.8,93.8,95.5]
17   | t[201,217,233,248,292]_l[3] | 93.73%    | 0.78%    | 1.0190          | [93.9,94.3,93.1,94.2,92.9,94.0,93.9,92.6,93.2,95.4]
18   | t[165,201,217,248,264]_l[3] | 93.72%    | 0.95%    | 1.0190          | [93.8,94.6,92.6,94.6,92.6,94.2,93.4,93.7,92.3,95.3]
19   | t[165,217,233,264,292]_l[3] | 93.71%    | 0.88%    | 1.0190          | [93.4,94.5,93.3,94.7,92.0,93.6,93.6,93.0,93.9,95.2]
20   | t[165,201,233,248,292]_l[3] | 93.70%    | 0.74%    | 1.0190          | [93.6,94.2,92.6,94.1,93.0,93.9,93.7,93.4,93.1,95.4]
21   | t[201,217,233,264,292]_l[3] | 93.67%    | 0.81%    | 1.0190          | [93.8,94.1,93.6,94.5,92.1,93.4,93.5,93.0,93.4,95.3]
22   | t[201,217,233,264,292]_l[4] | 92.54%    | 1.00%    | 1.0190          | [91.6,93.3,91.2,92.9,91.6,92.7,93.1,91.5,93.0,94.6]
23   | t[165,201,217,233,292]_l[4] | 92.51%    | 0.94%    | 1.0190          | [91.5,93.1,91.1,93.3,91.5,92.5,93.5,91.8,92.7,94.1]
24   | t[165,201,248,264,292]_l[4] | 92.48%    | 1.07%    | 1.0190          | [91.3,93.1,90.7,93.1,91.4,92.4,93.2,92.2,92.9,94.5]
25   | t[201,217,233,248,292]_l[4] | 92.47%    | 1.16%    | 1.0190          | [91.8,93.0,90.5,93.5,91.4,92.6,93.0,91.7,92.4,94.8]
26   | t[165,217,233,264,292]_l[4] | 92.44%    | 1.27%    | 1.0190          | [91.4,93.3,90.1,93.1,90.9,92.7,93.3,91.8,93.2,94.5]
27   | t[165,201,233,264,292]_l[4] | 92.43%    | 1.10%    | 1.0190          | [91.6,93.5,90.8,93.0,91.3,92.5,93.0,91.5,92.4,94.6]
28   | t[201,217,248,264,292]_l[4] | 92.42%    | 1.21%    | 1.0190          | [91.2,93.2,90.7,92.9,91.0,92.9,93.5,92.4,91.7,94.7]
29   | t[201,217,233,248,264]_l[4] | 92.39%    | 1.09%    | 1.0190          | [91.9,93.0,90.2,93.2,91.9,92.6,93.0,91.9,91.6,94.5]
30   | t[217,233,248,264,292]_l[4] | 92.37%    | 1.17%    | 1.0190          | [91.7,93.0,90.5,93.1,90.9,92.6,93.1,91.6,92.8,94.7]
31   | t[165,217,248,264,292]_l[4] | 92.37%    | 1.23%    | 1.0190          | [91.5,93.1,90.6,93.3,91.2,92.2,93.0,91.7,92.1,95.0]
32   | t[165,201,217,233,248]_l[4] | 92.36%    | 1.01%    | 1.0190          | [92.2,93.1,90.4,93.3,91.5,92.6,92.9,92.0,91.6,94.1]
33   | t[201,233,248,264,292]_l[4] | 92.34%    | 1.14%    | 1.0190          | [90.6,93.3,91.1,92.5,91.2,92.7,93.0,91.8,92.6,94.6]
34   | t[165,233,248,264,292]_l[4] | 92.32%    | 1.24%    | 1.0190          | [90.9,93.3,90.5,92.5,91.2,92.6,93.2,91.4,92.9,94.7]
35   | t[165,217,233,248,292]_l[4] | 92.31%    | 1.14%    | 1.0190          | [91.8,93.2,90.3,93.3,91.2,92.2,93.4,91.4,92.3,94.2]
36   | t[165,201,233,248,292]_l[4] | 92.30%    | 1.11%    | 1.0190          | [91.3,93.4,90.3,93.0,91.6,92.4,93.4,91.5,92.2,94.0]
37   | t[165,201,233,248,264]_l[4] | 92.30%    | 1.08%    | 1.0190          | [91.1,93.0,90.5,93.2,91.4,92.8,93.0,91.6,92.1,94.2]
38   | t[165,201,217,233,264]_l[4] | 92.25%    | 1.00%    | 1.0190          | [91.7,92.9,90.4,92.7,91.1,92.7,92.7,91.7,92.4,94.1]
39   | t[165,201,217,248,292]_l[5] | 92.23%    | 0.79%    | 1.0190          | [92.2,92.6,90.6,93.7,92.5,92.1,92.3,91.4,91.8,92.9]
40   | t[165,201,217,264,292]_l[4] | 92.20%    | 0.96%    | 1.0190          | [91.6,92.9,90.7,92.2,91.2,92.4,93.0,91.8,92.0,94.2]
41   | t[165,201,217,248,264]_l[4] | 92.19%    | 1.06%    | 1.0190          | [91.4,92.7,90.0,93.1,91.2,92.5,92.7,91.9,92.4,93.9]
42   | t[165,201,217,248,292]_l[4] | 92.18%    | 1.19%    | 1.0190          | [91.8,93.0,89.7,92.4,91.2,92.4,93.2,91.5,92.4,94.3]
43   | t[217,233,248,264,292]_l[5] | 92.14%    | 1.10%    | 1.0190          | [92.2,92.9,91.1,93.4,90.1,92.7,92.5,91.6,91.0,93.8]
44   | t[165,217,233,248,264]_l[4] | 92.13%    | 1.18%    | 1.0190          | [91.2,93.0,90.0,92.3,91.4,92.4,92.9,91.8,91.6,94.6]
45   | t[201,217,233,248,292]_l[5] | 92.09%    | 0.97%    | 1.0190          | [92.0,92.2,90.2,93.6,91.9,92.3,92.5,91.1,91.4,93.5]
46   | t[165,217,233,248,264]_l[5] | 92.05%    | 0.91%    | 1.0190          | [92.0,92.8,90.8,93.2,91.2,91.5,92.4,91.5,91.3,93.7]
47   | t[201,217,233,248,264]_l[5] | 92.04%    | 0.95%    | 1.0190          | [92.1,92.4,90.5,93.4,90.7,92.4,92.3,91.5,91.7,93.5]
48   | t[201,217,248,264,292]_l[5] | 92.02%    | 1.12%    | 1.0190          | [92.2,92.7,90.4,93.6,90.6,92.6,92.7,91.2,90.9,93.5]
49   | t[165,217,248,264,292]_l[5] | 92.02%    | 0.99%    | 1.0190          | [92.1,92.6,91.1,93.6,90.2,92.4,92.6,90.8,91.9,93.0]
50   | t[165,201,217,264,292]_l[5] | 92.02%    | 0.95%    | 1.0190          | [91.8,92.6,90.4,93.5,91.0,92.4,92.5,91.1,91.6,93.2]
51   | t[165,201,233,264,292]_l[5] | 92.02%    | 0.97%    | 1.0190          | [92.6,92.7,90.8,93.3,90.1,92.0,92.3,91.7,91.5,93.2]
52   | t[201,233,248,264,292]_l[5] | 92.00%    | 0.86%    | 1.0190          | [92.1,92.8,90.5,92.8,91.3,92.1,92.2,91.6,91.1,93.6]
53   | t[165,201,233,248,264]_l[5] | 91.97%    | 0.97%    | 1.0190          | [91.5,92.4,89.9,93.6,92.1,91.8,92.4,91.2,91.9,93.0]
54   | t[165,201,248,264,292]_l[5] | 91.97%    | 1.05%    | 1.0190          | [91.8,92.5,90.7,93.6,90.3,91.7,92.9,91.1,91.7,93.4]
55   | t[165,217,233,248,292]_l[5] | 91.96%    | 1.01%    | 1.0190          | [92.3,92.5,90.7,93.5,90.6,92.3,92.4,91.4,90.7,93.3]
56   | t[165,233,248,264,292]_l[5] | 91.94%    | 1.08%    | 1.0190          | [91.8,92.8,90.6,94.0,90.9,91.7,92.0,90.8,91.4,93.4]
57   | t[201,217,233,264,292]_l[5] | 91.90%    | 1.21%    | 1.0190          | [92.0,92.4,90.0,93.5,90.8,92.5,92.5,90.7,90.7,93.8]
58   | t[165,201,233,248,292]_l[5] | 91.89%    | 1.07%    | 1.0190          | [92.3,92.7,89.9,93.4,90.5,91.7,92.2,91.2,91.7,93.3]
59   | t[165,217,233,264,292]_l[5] | 91.88%    | 0.88%    | 1.0190          | [91.8,92.7,90.8,93.3,90.8,91.9,92.5,90.8,91.3,92.9]
60   | t[165,201,217,248,264]_l[5] | 91.87%    | 0.82%    | 1.0190          | [91.6,92.3,90.5,93.3,90.9,92.1,92.4,91.4,91.4,92.7]
61   | t[165,201,217,233,264]_l[5] | 91.83%    | 0.92%    | 1.0190          | [91.3,92.4,90.5,93.3,91.0,92.1,92.1,91.2,91.2,93.3]
62   | t[165,201,217,233,248]_l[5] | 91.77%    | 0.91%    | 1.0190          | [91.7,92.4,89.8,92.9,92.0,91.9,92.3,90.7,91.3,92.8]
63   | t[165,201,217,233,292]_l[5] | 91.69%    | 1.00%    | 1.0190          | [92.0,92.3,90.5,93.1,90.3,91.8,92.1,90.9,90.6,93.1]
