============================================================
🏆 WINNER CONFIGURATION: t[160,180,220,280,300]_l[3]
============================================================

--- 0. Hardware & Performance Metrics ---
[Parameters]
  - VAE Parameters         : 1.35 M
  - DiT Parameters         : 16.70 M
  - Classifier Parameters  : 1.0190 M
[FLOPs (单次前向传播)]
  - VAE FLOPs              : 514,064,384.0 (0.51G)
  - DiT FLOPs              : 698,548,224.0 (0.70G)
[Time]
  - Feature Extract Time   : 48.78 Seconds
  - DiT Inference Time     : 34.5110 Seconds (Total), 8.16 ms (Avg per call)
  - Classifier Inference   : 3.11 ms (Avg per Test Set)
[GPU Memory]
  - Peak VRAM (Extraction) : 327.01 MB
  - Peak VRAM (Train/Test) : 937.86 MB

--- 1. Overall Metrics (Mean ± Std over 10 seeds) ---
OA:    94.2301% ± 0.8329%
AA:    95.8938% ± 1.1490%
Kappa: 0.9359  ± 0.0092

--- 2. Per-Class Accuracy (Mean ± Std) ---
Brocoli_green_weeds_1    : 98.95% ± 1.26%
Brocoli_green_weeds_2    : 99.03% ± 1.86%
Fallow                   : 97.98% ± 4.20%
Fallow_rough_plow        : 98.20% ± 2.97%
Fallow_smooth            : 92.43% ± 3.87%
Stubble                  : 98.16% ± 1.78%
Celery                   : 99.60% ± 0.64%
Grapes_untrained         : 86.22% ± 3.81%
Soil_vinyard_develop     : 99.81% ± 0.28%
Corn_senesced_green_weeds: 91.62% ± 5.86%
Lettuce_romaine_4wk      : 99.40% ± 0.60%
Lettuce_romaine_5wk      : 97.67% ± 1.66%
Lettuce_romaine_6wk      : 91.96% ± 5.55%
Lettuce_romaine_7wk      : 94.61% ± 6.68%
Vinyard_untrained        : 91.16% ± 4.71%
Vinyard_vertical_trellis : 97.51% ± 3.40%

--- 3. Best Seed Detailed Report (Highest OA run) ---
                           precision    recall  f1-score   support

    Brocoli_green_weeds_1     0.9365    0.9855    0.9604      2004
    Brocoli_green_weeds_2     0.9923    1.0000    0.9961      3721
                   Fallow     0.9934    0.9980    0.9957      1971
        Fallow_rough_plow     0.9206    0.9935    0.9557      1389
            Fallow_smooth     0.9949    0.9431    0.9683      2673
                  Stubble     0.9932    0.9949    0.9941      3954
                   Celery     0.9953    1.0000    0.9976      3574
         Grapes_untrained     0.9515    0.9216    0.9363     11266
     Soil_vinyard_develop     1.0000    0.9994    0.9997      6198
Corn_senesced_green_weeds     0.9850    0.8839    0.9317      3273
      Lettuce_romaine_4wk     1.0000    0.9897    0.9948      1063
      Lettuce_romaine_5wk     0.9856    0.9620    0.9737      1922
      Lettuce_romaine_6wk     0.9204    0.9265    0.9234       911
      Lettuce_romaine_7wk     0.7159    0.9915    0.8315      1065
        Vinyard_untrained     0.8892    0.9272    0.9078      7263
 Vinyard_vertical_trellis     1.0000    0.9373    0.9676      1802

                 accuracy                         0.9578     54049
                macro avg     0.9546    0.9659    0.9584     54049
             weighted avg     0.9604    0.9578    0.9582     54049


============================================================
🚀 LEADERBOARD (All Configs)
============================================================
Rank | Config                    | Mean OA    | Std Dev    | Cls Params(M)   | Runs (OA)
-----------------------------------------------------------------------------------------------
1    | t[160,180,220,280,300]_l[3] | 94.23%    | 0.83%    | 1.0190          | [94.5,94.8,93.5,95.1,93.0,94.3,93.4,93.4,94.5,95.8]
2    | t[200,220,240,260,329]_l[3] | 94.15%    | 0.75%    | 1.0190          | [94.5,94.7,93.2,94.7,93.5,93.3,93.8,93.7,94.3,95.7]
3    | t[160,180,220,260,300]_l[3] | 94.14%    | 0.80%    | 1.0190          | [94.2,94.9,93.1,94.9,93.2,93.9,93.6,93.5,94.4,95.6]
4    | t[134,180,200,260,280]_l[3] | 94.13%    | 0.64%    | 1.0190          | [94.1,94.9,93.4,94.7,93.6,94.0,93.7,93.6,93.9,95.4]
5    | t[160,180,240,280,329]_l[3] | 94.12%    | 0.84%    | 1.0190          | [94.2,94.6,93.1,94.7,93.3,93.8,93.6,93.4,94.3,96.1]
6    | t[160,180,200,280,300]_l[3] | 94.11%    | 0.91%    | 1.0190          | [94.2,95.1,93.4,95.2,92.8,94.0,93.5,93.9,93.2,95.8]
7    | t[160,180,240,260,329]_l[3] | 94.10%    | 0.89%    | 1.0190          | [94.1,94.8,93.1,94.9,93.0,94.0,93.2,93.5,94.3,95.9]
8    | t[160,180,200,220,280]_l[3] | 94.08%    | 0.77%    | 1.0190          | [94.2,94.7,93.4,94.6,93.0,94.1,93.2,93.6,94.3,95.7]
9    | t[134,160,180,200,329]_l[3] | 94.07%    | 0.81%    | 1.0190          | [94.5,94.5,93.2,95.0,93.7,93.7,93.1,93.2,94.2,95.7]
10   | t[134,180,220,280,300]_l[3] | 94.07%    | 0.78%    | 1.0190          | [93.9,94.8,93.2,94.6,93.0,94.0,93.8,93.4,94.3,95.7]
11   | t[160,180,200,260,329]_l[3] | 94.07%    | 0.84%    | 1.0190          | [93.6,94.9,93.5,94.8,93.0,93.9,93.4,93.5,94.4,95.9]
12   | t[180,200,220,280,300]_l[3] | 94.07%    | 0.75%    | 1.0190          | [94.1,94.8,93.3,94.7,93.7,93.8,93.5,93.2,93.9,95.7]
13   | t[134,200,240,300,329]_l[3] | 94.07%    | 0.89%    | 1.0190          | [94.0,95.0,93.2,94.9,92.8,93.6,93.8,93.5,94.1,95.9]
14   | t[160,180,220,260,329]_l[3] | 94.06%    | 0.88%    | 1.0190          | [94.3,94.7,93.0,95.0,93.0,94.1,93.3,93.4,94.0,95.8]
15   | t[134,200,220,280,300]_l[3] | 94.06%    | 0.84%    | 1.0190          | [93.9,94.8,93.2,94.8,93.0,93.4,93.5,93.7,94.6,95.8]
16   | t[134,180,200,280,300]_l[3] | 94.05%    | 0.84%    | 1.0190          | [94.0,94.8,93.0,94.9,92.9,93.9,93.8,93.4,94.0,95.7]
17   | t[160,180,200,220,240]_l[3] | 94.05%    | 0.88%    | 1.0190          | [94.0,94.6,93.6,94.7,93.0,93.9,93.2,93.3,94.2,96.1]
18   | t[134,200,220,240,280]_l[3] | 94.05%    | 0.80%    | 1.0190          | [94.2,94.5,93.3,94.8,93.5,93.8,93.4,93.1,93.9,95.9]
19   | t[160,180,200,220,260]_l[3] | 94.05%    | 0.88%    | 1.0190          | [93.9,95.0,93.3,95.1,92.8,93.8,93.5,93.1,94.3,95.6]
20   | t[160,180,220,280,329]_l[3] | 94.04%    | 0.72%    | 1.0190          | [94.2,94.5,93.2,94.8,93.2,93.6,93.5,93.9,94.0,95.6]
21   | t[180,200,220,280,329]_l[3] | 94.04%    | 0.93%    | 1.0190          | [93.6,94.7,93.1,95.2,93.0,94.0,93.7,93.1,94.0,95.9]
22   | t[134,160,200,280,300]_l[3] | 94.04%    | 0.73%    | 1.0190          | [94.1,94.6,93.4,94.8,93.0,93.6,93.8,93.8,93.7,95.6]
23   | t[160,180,240,280,300]_l[3] | 94.03%    | 0.85%    | 1.0190          | [94.4,94.4,92.9,94.9,93.5,94.0,93.4,93.0,94.1,95.8]
24   | t[160,200,240,260,329]_l[3] | 94.03%    | 0.87%    | 1.0190          | [94.1,94.7,93.3,95.0,92.5,93.9,93.2,93.7,94.3,95.6]
25   | t[134,160,180,200,220]_l[3] | 94.03%    | 0.77%    | 1.0190          | [94.3,94.9,92.9,94.9,93.3,94.1,93.4,93.4,93.8,95.4]
26   | t[160,180,200,260,300]_l[3] | 94.03%    | 0.80%    | 1.0190          | [94.0,94.8,93.2,95.2,93.0,93.6,93.4,93.5,94.2,95.4]
27   | t[160,180,200,300,329]_l[3] | 94.03%    | 0.73%    | 1.0190          | [93.6,94.8,93.4,94.5,93.2,93.7,93.7,93.7,94.0,95.7]
28   | t[160,200,240,280,329]_l[3] | 94.03%    | 0.87%    | 1.0190          | [94.0,94.3,93.2,95.1,92.6,93.9,93.7,93.4,94.3,95.8]
29   | t[134,180,200,280,329]_l[3] | 94.03%    | 0.77%    | 1.0190          | [94.4,94.7,93.2,94.3,93.2,94.1,93.3,93.3,94.1,95.7]
30   | t[180,200,220,260,280]_l[3] | 94.03%    | 0.91%    | 1.0190          | [94.2,95.0,93.2,95.1,92.7,93.9,93.5,93.2,94.0,95.7]
31   | t[134,200,220,280,329]_l[3] | 94.02%    | 0.72%    | 1.0190          | [94.1,94.7,93.5,94.5,93.6,93.9,93.4,92.9,94.1,95.5]
32   | t[180,200,260,280,300]_l[3] | 94.02%    | 0.86%    | 1.0190          | [93.2,95.1,93.2,95.1,92.8,93.9,93.6,93.7,94.2,95.4]
33   | t[160,180,220,240,329]_l[3] | 94.02%    | 0.80%    | 1.0190          | [94.2,94.6,92.8,95.0,93.3,93.6,93.8,93.2,94.3,95.5]
34   | t[160,200,220,280,300]_l[3] | 94.02%    | 0.82%    | 1.0190          | [94.0,94.6,93.2,95.0,92.9,93.6,93.4,93.5,94.3,95.6]
35   | t[160,200,220,300,329]_l[3] | 94.02%    | 0.82%    | 1.0190          | [93.8,94.7,93.4,95.0,92.8,93.4,93.6,93.5,94.3,95.6]
36   | t[134,160,220,280,300]_l[3] | 94.02%    | 0.81%    | 1.0190          | [94.0,94.5,92.9,94.8,93.4,93.8,93.4,93.4,94.1,95.8]
37   | t[180,200,240,280,329]_l[3] | 94.01%    | 0.85%    | 1.0190          | [93.8,94.7,93.5,95.1,92.8,94.0,93.6,93.1,93.9,95.7]
38   | t[134,180,220,260,329]_l[3] | 94.01%    | 0.88%    | 1.0190          | [94.4,94.7,92.6,94.6,92.7,94.0,93.9,93.3,94.3,95.6]
39   | t[160,220,240,260,329]_l[3] | 94.01%    | 0.92%    | 1.0190          | [94.3,94.6,92.7,94.9,93.4,93.9,93.3,92.9,94.2,95.9]
40   | t[160,220,240,260,300]_l[3] | 94.01%    | 0.95%    | 1.0190          | [93.8,94.6,92.8,95.1,93.2,94.1,93.3,92.9,94.6,95.8]
41   | t[134,200,240,280,300]_l[3] | 94.01%    | 0.78%    | 1.0190          | [94.0,94.8,93.5,94.9,92.9,93.7,93.5,93.2,94.2,95.4]
42   | t[180,200,220,240,280]_l[3] | 94.01%    | 0.89%    | 1.0190          | [93.9,95.0,93.1,94.8,92.8,93.9,93.9,93.1,94.0,95.7]
43   | t[134,160,180,260,300]_l[3] | 94.01%    | 0.96%    | 1.0190          | [93.7,94.9,93.0,95.1,93.2,93.7,93.6,92.7,94.4,95.8]
44   | t[160,180,200,260,280]_l[3] | 94.00%    | 0.94%    | 1.0190          | [94.3,94.8,92.8,95.1,93.0,94.1,93.4,92.8,94.1,95.7]
45   | t[160,180,260,280,329]_l[3] | 94.00%    | 0.78%    | 1.0190          | [94.2,94.5,92.5,94.5,93.6,93.8,93.9,93.5,93.7,95.7]
46   | t[180,200,220,260,329]_l[3] | 94.00%    | 0.90%    | 1.0190          | [94.4,94.7,93.0,94.9,92.7,93.9,93.3,93.6,93.9,95.8]
47   | t[134,200,240,260,329]_l[3] | 94.00%    | 0.79%    | 1.0190          | [94.0,94.5,93.3,94.6,93.2,93.7,93.0,93.8,94.0,95.8]
48   | t[134,200,260,280,300]_l[3] | 94.00%    | 0.83%    | 1.0190          | [93.9,94.8,93.4,94.9,92.9,93.9,93.6,93.2,93.9,95.7]
49   | t[160,180,200,280,329]_l[3] | 94.00%    | 0.86%    | 1.0190          | [94.0,95.0,93.6,94.8,93.3,93.9,93.2,93.1,93.4,95.8]
50   | t[180,200,220,300,329]_l[3] | 94.00%    | 0.80%    | 1.0190          | [93.9,95.0,93.4,94.7,92.7,93.6,93.6,93.7,94.1,95.5]
51   | t[200,240,260,280,300]_l[3] | 94.00%    | 0.75%    | 1.0190          | [93.5,94.7,93.5,94.7,92.9,93.7,93.5,93.6,94.3,95.6]
52   | t[134,180,260,280,300]_l[3] | 93.99%    | 0.89%    | 1.0190          | [94.3,94.9,92.8,94.9,92.6,93.9,93.8,93.5,93.6,95.6]
53   | t[180,200,240,260,280]_l[3] | 93.99%    | 0.88%    | 1.0190          | [94.0,94.9,92.9,94.8,93.0,93.8,93.3,93.3,94.4,95.7]
54   | t[134,180,200,220,300]_l[3] | 93.99%    | 0.73%    | 1.0190          | [94.0,94.5,93.5,94.8,93.0,94.0,93.5,93.3,93.8,95.6]
55   | t[134,200,220,260,329]_l[3] | 93.99%    | 0.85%    | 1.0190          | [94.2,94.6,93.1,94.6,93.3,93.9,93.0,93.2,94.2,95.9]
56   | t[180,200,220,240,260]_l[3] | 93.99%    | 0.85%    | 1.0190          | [93.9,94.9,93.5,95.0,93.0,93.3,93.2,93.6,93.9,95.7]
57   | t[200,220,260,280,329]_l[3] | 93.98%    | 0.82%    | 1.0190          | [94.0,94.9,93.2,94.7,93.1,93.6,93.4,93.0,94.3,95.6]
58   | t[180,220,240,280,329]_l[3] | 93.98%    | 0.89%    | 1.0190          | [94.2,94.9,93.0,94.6,92.9,93.9,93.6,92.7,94.3,95.6]
59   | t[134,200,220,240,300]_l[3] | 93.98%    | 0.79%    | 1.0190          | [93.5,94.7,93.6,94.9,93.2,93.4,93.4,93.4,94.1,95.7]
60   | t[180,200,220,240,300]_l[3] | 93.98%    | 0.98%    | 1.0190          | [94.0,94.8,93.0,95.2,92.5,93.5,93.8,93.1,94.3,95.8]
61   | t[160,200,260,280,329]_l[3] | 93.98%    | 0.81%    | 1.0190          | [93.9,94.5,93.2,95.1,92.9,93.8,93.5,93.2,94.1,95.5]
62   | t[160,200,220,260,280]_l[3] | 93.97%    | 0.91%    | 1.0190          | [93.8,94.9,93.0,95.0,93.0,93.8,93.2,93.0,94.5,95.6]
63   | t[134,160,180,280,300]_l[3] | 93.97%    | 0.87%    | 1.0190          | [93.7,94.8,92.9,94.9,93.0,94.0,93.6,93.0,94.4,95.6]
64   | t[134,180,200,220,280]_l[3] | 93.97%    | 0.81%    | 1.0190          | [94.1,94.9,92.7,94.3,93.3,93.8,93.5,93.2,94.3,95.6]
65   | t[160,200,220,280,329]_l[3] | 93.97%    | 0.83%    | 1.0190          | [94.1,94.6,93.4,94.7,92.7,93.8,93.5,93.2,94.2,95.7]
66   | t[134,200,240,260,300]_l[3] | 93.97%    | 0.94%    | 1.0190          | [93.8,94.8,93.1,95.4,92.7,93.2,93.9,93.2,94.2,95.6]
67   | t[160,200,220,240,280]_l[3] | 93.97%    | 0.82%    | 1.0190          | [94.0,94.8,93.2,94.6,93.0,93.5,93.3,93.6,94.0,95.7]
68   | t[134,180,200,220,260]_l[3] | 93.97%    | 0.76%    | 1.0190          | [94.3,95.0,92.9,94.0,93.2,93.6,93.6,93.4,94.1,95.5]
69   | t[134,180,200,220,329]_l[3] | 93.97%    | 0.78%    | 1.0190          | [94.2,94.7,93.6,94.4,93.0,93.2,93.4,93.4,94.2,95.6]
70   | t[160,200,260,280,300]_l[3] | 93.97%    | 0.88%    | 1.0190          | [93.7,94.8,93.4,95.0,92.4,93.8,93.7,93.5,93.8,95.6]
71   | t[160,220,280,300,329]_l[3] | 93.97%    | 0.77%    | 1.0190          | [94.0,94.6,93.1,94.6,93.0,93.8,93.4,93.3,94.4,95.6]
72   | t[134,180,220,280,329]_l[3] | 93.97%    | 0.84%    | 1.0190          | [94.2,94.9,92.9,94.5,93.0,94.1,93.2,93.8,93.4,95.7]
73   | t[180,200,240,300,329]_l[3] | 93.97%    | 0.78%    | 1.0190          | [93.7,94.5,93.3,94.6,92.7,93.7,93.6,93.7,94.2,95.7]
74   | t[180,200,280,300,329]_l[3] | 93.96%    | 0.92%    | 1.0190          | [93.9,95.0,93.4,94.6,92.2,93.7,93.4,93.7,94.1,95.7]
75   | t[180,200,240,260,329]_l[3] | 93.96%    | 0.93%    | 1.0190          | [94.1,94.6,92.8,94.9,92.8,93.5,93.5,93.5,94.0,96.0]
76   | t[200,220,240,280,300]_l[3] | 93.96%    | 0.96%    | 1.0190          | [93.8,94.7,92.9,95.0,92.3,93.8,93.6,93.6,94.2,95.8]
77   | t[160,180,220,240,260]_l[3] | 93.96%    | 0.80%    | 1.0190          | [94.1,94.8,93.1,94.9,93.2,93.6,93.0,93.6,93.9,95.5]
78   | t[160,180,200,220,300]_l[3] | 93.96%    | 0.83%    | 1.0190          | [93.7,94.8,93.2,94.9,92.8,93.9,93.7,93.5,93.5,95.6]
79   | t[160,200,220,260,329]_l[3] | 93.96%    | 0.92%    | 1.0190          | [93.9,94.6,93.1,94.9,92.8,93.9,92.9,93.3,94.7,95.7]
80   | t[160,200,220,240,300]_l[3] | 93.96%    | 0.92%    | 1.0190          | [94.1,94.6,93.6,95.1,92.6,93.3,93.3,93.1,94.3,95.7]
81   | t[160,180,240,300,329]_l[3] | 93.96%    | 0.92%    | 1.0190          | [93.6,94.7,92.8,94.7,92.6,94.1,93.6,93.4,94.4,95.7]
82   | t[180,220,240,260,329]_l[3] | 93.96%    | 1.00%    | 1.0190          | [94.4,94.6,92.6,95.1,92.9,93.9,93.4,92.9,93.9,95.9]
83   | t[134,180,240,280,329]_l[3] | 93.96%    | 0.80%    | 1.0190          | [94.2,94.4,93.0,94.2,93.0,93.5,93.3,93.7,94.6,95.7]
84   | t[160,180,260,280,300]_l[3] | 93.95%    | 0.85%    | 1.0190          | [94.0,94.7,92.8,94.9,93.1,93.7,93.3,93.2,94.2,95.6]
85   | t[134,180,240,260,300]_l[3] | 93.95%    | 0.97%    | 1.0190          | [94.2,94.9,92.7,95.1,93.1,93.5,93.8,92.7,93.9,95.7]
86   | t[134,160,180,200,260]_l[3] | 93.95%    | 0.87%    | 1.0190          | [94.0,94.6,92.8,94.8,93.1,94.1,93.5,93.1,93.7,95.8]
87   | t[134,160,240,280,300]_l[3] | 93.95%    | 0.89%    | 1.0190          | [94.0,94.5,92.7,95.3,93.0,93.5,93.5,93.3,94.3,95.5]
88   | t[160,220,240,300,329]_l[3] | 93.95%    | 0.83%    | 1.0190          | [93.6,94.4,93.3,94.7,92.8,93.8,93.2,93.6,94.2,95.8]
89   | t[180,200,260,300,329]_l[3] | 93.95%    | 0.87%    | 1.0190          | [93.7,94.7,93.1,94.8,92.4,93.9,93.9,93.5,93.8,95.6]
90   | t[160,180,220,300,329]_l[3] | 93.95%    | 0.76%    | 1.0190          | [93.6,94.6,93.0,94.6,93.2,93.6,93.3,93.8,94.1,95.6]
91   | t[134,180,220,240,280]_l[3] | 93.95%    | 0.86%    | 1.0190          | [94.0,94.6,93.0,94.7,93.1,93.6,93.4,93.3,94.1,95.9]
92   | t[200,220,240,300,329]_l[3] | 93.95%    | 0.81%    | 1.0190          | [93.7,94.9,93.2,94.4,93.0,93.5,93.4,93.3,94.3,95.7]
93   | t[134,160,220,280,329]_l[3] | 93.95%    | 0.96%    | 1.0190          | [94.3,94.7,93.1,95.1,92.4,94.0,93.4,93.0,93.9,95.6]
94   | t[134,160,220,300,329]_l[3] | 93.95%    | 0.76%    | 1.0190          | [94.2,94.6,93.0,94.5,92.9,94.1,93.4,93.3,94.1,95.4]
95   | t[160,220,260,300,329]_l[3] | 93.95%    | 0.84%    | 1.0190          | [94.1,94.5,93.2,95.0,92.9,93.5,93.4,93.2,94.1,95.7]
96   | t[160,180,200,240,329]_l[3] | 93.94%    | 0.83%    | 1.0190          | [93.6,94.7,93.6,94.6,93.0,93.4,93.3,93.3,94.0,95.8]
97   | t[134,220,240,280,329]_l[3] | 93.94%    | 0.78%    | 1.0190          | [93.9,94.3,93.1,94.5,93.1,93.8,93.4,93.3,94.1,95.8]
98   | t[134,160,180,240,280]_l[3] | 93.94%    | 0.89%    | 1.0190          | [93.6,94.8,92.9,94.8,93.1,93.7,93.5,93.2,94.0,95.8]
99   | t[134,160,180,220,260]_l[3] | 93.94%    | 0.88%    | 1.0190          | [94.1,94.8,93.2,94.6,92.8,93.5,93.2,93.2,94.3,95.8]
100  | t[134,160,180,200,280]_l[3] | 93.94%    | 0.97%    | 1.0190          | [94.3,94.9,92.5,94.9,93.0,94.0,93.5,92.8,93.7,95.7]
101  | t[134,220,240,260,329]_l[3] | 93.94%    | 0.91%    | 1.0190          | [94.1,94.7,93.0,94.5,93.0,93.9,93.1,92.8,94.3,95.8]
102  | t[160,180,220,240,300]_l[3] | 93.94%    | 0.82%    | 1.0190          | [93.9,94.8,93.1,94.8,92.8,93.8,93.5,93.3,93.9,95.5]
103  | t[180,200,220,260,300]_l[3] | 93.94%    | 0.91%    | 1.0190          | [93.8,94.6,93.1,94.9,92.4,94.0,93.7,93.1,94.1,95.6]
104  | t[160,180,220,240,280]_l[3] | 93.94%    | 0.88%    | 1.0190          | [93.8,94.5,92.9,94.7,93.2,93.4,93.6,93.0,94.3,95.9]
105  | t[134,180,200,260,329]_l[3] | 93.94%    | 0.78%    | 1.0190          | [94.3,94.7,93.6,94.4,93.1,93.9,93.4,92.7,93.8,95.5]
106  | t[160,220,260,280,300]_l[3] | 93.94%    | 0.83%    | 1.0190          | [93.8,94.7,92.9,94.8,92.7,93.7,93.9,93.4,93.9,95.6]
107  | t[134,160,200,240,260]_l[3] | 93.93%    | 0.83%    | 1.0190          | [93.7,95.0,93.2,94.7,93.4,93.4,93.4,93.0,94.0,95.6]
108  | t[160,200,280,300,329]_l[3] | 93.93%    | 0.90%    | 1.0190          | [94.0,94.7,93.2,95.0,92.7,94.0,93.4,93.0,93.6,95.6]
109  | t[134,160,200,260,300]_l[3] | 93.93%    | 0.89%    | 1.0190          | [93.8,94.8,93.3,95.4,93.1,93.5,93.6,93.0,93.3,95.5]
110  | t[134,220,240,260,280]_l[3] | 93.93%    | 0.83%    | 1.0190          | [93.9,94.6,93.0,94.4,92.9,93.8,93.4,93.4,94.1,95.8]
111  | t[160,220,240,280,329]_l[3] | 93.93%    | 0.80%    | 1.0190          | [93.5,94.4,93.1,94.5,93.1,93.5,93.4,93.5,94.4,95.8]
112  | t[160,200,260,300,329]_l[3] | 93.93%    | 0.76%    | 1.0190          | [93.9,94.9,93.2,94.4,93.1,93.5,93.4,93.3,94.0,95.6]
113  | t[134,180,200,300,329]_l[3] | 93.93%    | 0.75%    | 1.0190          | [93.9,94.6,93.3,94.4,93.0,93.9,93.6,93.1,93.8,95.7]
114  | t[160,200,220,260,300]_l[3] | 93.93%    | 1.02%    | 1.0190          | [93.7,94.6,93.0,95.4,92.4,93.8,93.4,93.2,94.1,95.8]
115  | t[160,200,240,260,300]_l[3] | 93.93%    | 1.00%    | 1.0190          | [93.9,94.8,92.9,95.4,92.7,93.8,93.5,92.8,94.0,95.6]
116  | t[180,200,260,280,329]_l[3] | 93.93%    | 0.91%    | 1.0190          | [93.7,94.8,93.1,94.9,92.6,94.1,93.4,93.0,94.2,95.6]
117  | t[160,180,200,240,260]_l[3] | 93.93%    | 0.84%    | 1.0190          | [93.6,94.8,93.5,94.8,93.2,93.7,93.3,93.1,93.5,95.7]
118  | t[134,160,220,240,280]_l[3] | 93.93%    | 0.88%    | 1.0190          | [94.2,94.5,92.8,95.0,93.2,93.7,93.3,93.1,93.6,95.8]
119  | t[134,160,180,280,329]_l[3] | 93.93%    | 0.95%    | 1.0190          | [94.3,94.5,92.6,94.9,92.7,94.1,93.2,93.1,94.3,95.7]
120  | t[134,220,260,280,300]_l[3] | 93.93%    | 0.89%    | 1.0190          | [93.8,94.5,93.1,94.8,92.5,93.9,94.0,92.8,94.3,95.6]
121  | t[134,160,180,200,300]_l[3] | 93.93%    | 0.89%    | 1.0190          | [93.4,94.7,93.0,95.0,93.0,93.6,93.1,93.6,94.1,95.8]
122  | t[134,180,200,260,300]_l[3] | 93.93%    | 0.87%    | 1.0190          | [93.7,95.0,93.2,95.1,93.0,93.7,93.4,93.1,93.6,95.5]
123  | t[134,180,220,260,300]_l[3] | 93.92%    | 0.92%    | 1.0190          | [93.9,94.6,92.6,95.0,93.0,94.0,93.4,93.2,93.9,95.7]
124  | t[134,160,220,260,329]_l[3] | 93.92%    | 0.90%    | 1.0190          | [94.5,94.7,92.8,94.6,93.3,93.4,93.4,92.8,94.0,95.7]
125  | t[134,200,220,300,329]_l[3] | 93.92%    | 0.83%    | 1.0190          | [94.0,94.9,93.3,94.6,92.5,93.3,93.2,93.7,94.2,95.4]
126  | t[134,180,240,300,329]_l[3] | 93.92%    | 0.88%    | 1.0190          | [94.5,94.7,93.2,94.2,92.6,93.1,93.6,93.7,93.8,95.8]
127  | t[134,180,200,240,300]_l[3] | 93.92%    | 0.79%    | 1.0190          | [93.7,94.3,93.1,94.9,92.9,93.2,94.0,93.9,93.6,95.5]
128  | t[200,220,240,280,329]_l[3] | 93.92%    | 0.92%    | 1.0190          | [94.1,94.3,93.0,94.7,92.4,93.8,93.4,93.3,94.4,95.9]
129  | t[134,180,240,280,300]_l[3] | 93.92%    | 0.89%    | 1.0190          | [93.8,94.7,93.0,95.1,92.9,93.8,93.6,93.1,93.4,95.7]
130  | t[160,180,240,260,300]_l[3] | 93.92%    | 0.89%    | 1.0190          | [94.1,94.9,92.7,95.0,92.8,93.6,93.4,93.5,93.6,95.5]
131  | t[134,200,220,240,329]_l[3] | 93.91%    | 0.86%    | 1.0190          | [94.0,94.5,93.4,95.2,92.8,93.5,93.5,92.9,93.9,95.6]
132  | t[134,160,180,220,280]_l[3] | 93.91%    | 0.94%    | 1.0190          | [94.5,94.5,92.8,94.5,92.8,94.0,93.1,93.1,93.9,95.9]
133  | t[134,160,240,260,329]_l[3] | 93.91%    | 0.93%    | 1.0190          | [94.3,94.7,93.2,94.9,92.8,93.6,93.6,92.6,93.8,95.7]
134  | t[160,180,280,300,329]_l[3] | 93.91%    | 1.00%    | 1.0190          | [94.2,94.8,93.0,94.7,93.0,94.0,93.3,92.3,93.9,95.8]
135  | t[134,220,240,280,300]_l[3] | 93.91%    | 0.91%    | 1.0190          | [94.0,94.5,93.3,94.9,92.2,93.7,93.7,93.1,94.1,95.6]
136  | t[134,180,220,240,260]_l[3] | 93.91%    | 0.79%    | 1.0190          | [94.3,94.1,93.1,94.7,92.7,93.9,93.6,93.5,93.6,95.6]
137  | t[134,160,200,220,280]_l[3] | 93.91%    | 0.79%    | 1.0190          | [93.8,94.6,92.9,94.4,93.3,94.0,93.3,93.0,94.1,95.6]
138  | t[134,200,240,260,280]_l[3] | 93.91%    | 0.96%    | 1.0190          | [93.7,94.7,93.1,94.8,93.1,93.9,93.2,92.5,94.0,95.9]
139  | t[134,160,200,220,300]_l[3] | 93.91%    | 0.90%    | 1.0190          | [93.4,94.7,93.3,95.1,92.7,93.7,93.8,93.0,93.8,95.6]
140  | t[134,160,220,240,300]_l[3] | 93.91%    | 0.88%    | 1.0190          | [93.8,94.9,93.1,95.1,92.9,93.5,93.5,92.9,93.9,95.4]
141  | t[134,160,240,260,280]_l[3] | 93.91%    | 0.95%    | 1.0190          | [93.9,94.8,92.5,94.8,93.1,93.5,93.1,93.2,94.5,95.7]
142  | t[180,220,240,300,329]_l[3] | 93.90%    | 0.84%    | 1.0190          | [93.8,94.6,93.4,94.3,92.6,93.8,93.2,93.7,93.9,95.9]
143  | t[134,160,200,260,329]_l[3] | 93.90%    | 0.89%    | 1.0190          | [94.0,95.1,93.2,94.6,92.9,93.4,93.7,93.0,93.6,95.7]
144  | t[180,240,280,300,329]_l[3] | 93.90%    | 0.93%    | 1.0190          | [93.9,94.7,93.2,94.8,92.3,94.0,93.4,93.0,94.1,95.6]
145  | t[134,160,180,200,240]_l[3] | 93.90%    | 0.93%    | 1.0190          | [93.8,94.6,92.8,94.8,92.8,93.9,93.6,93.2,93.6,96.0]
146  | t[134,240,260,300,329]_l[3] | 93.90%    | 0.80%    | 1.0190          | [93.7,94.7,93.1,94.3,92.9,93.7,93.5,93.3,94.0,95.7]
147  | t[134,200,240,280,329]_l[3] | 93.90%    | 0.82%    | 1.0190          | [93.9,94.6,93.3,94.6,92.7,93.5,93.6,93.2,94.0,95.6]
148  | t[134,200,220,260,280]_l[3] | 93.90%    | 0.91%    | 1.0190          | [93.9,94.8,93.3,94.8,92.5,93.6,93.4,93.1,93.9,95.7]
149  | t[134,160,180,260,280]_l[3] | 93.90%    | 1.01%    | 1.0190          | [94.2,94.8,92.1,95.0,93.3,94.0,93.1,93.3,93.6,95.7]
150  | t[134,160,220,240,329]_l[3] | 93.90%    | 0.79%    | 1.0190          | [94.1,94.5,93.2,94.4,92.8,93.7,93.5,93.2,93.8,95.7]
151  | t[134,160,200,220,240]_l[3] | 93.89%    | 0.81%    | 1.0190          | [93.7,94.7,92.9,94.3,93.1,94.0,93.6,93.2,93.8,95.8]
152  | t[134,240,260,280,300]_l[3] | 93.89%    | 0.91%    | 1.0190          | [93.8,94.7,92.9,95.2,92.5,93.8,93.4,93.5,93.7,95.5]
153  | t[160,180,260,300,329]_l[3] | 93.89%    | 0.81%    | 1.0190          | [93.9,94.7,93.1,94.6,92.9,93.4,93.7,93.3,93.8,95.7]
154  | t[134,180,240,260,329]_l[3] | 93.89%    | 0.87%    | 1.0190          | [94.1,94.6,93.0,94.4,92.9,93.8,93.3,92.8,94.2,95.7]
155  | t[180,220,260,280,300]_l[3] | 93.89%    | 1.02%    | 1.0190          | [93.9,94.9,92.4,95.0,92.4,93.9,93.8,93.0,94.0,95.5]
156  | t[134,180,240,260,280]_l[3] | 93.89%    | 0.89%    | 1.0190          | [94.4,94.5,92.8,94.6,93.0,93.9,93.2,93.1,93.6,95.7]
157  | t[134,160,180,240,329]_l[3] | 93.89%    | 0.88%    | 1.0190          | [93.9,94.8,92.9,94.8,92.8,93.8,93.3,93.1,93.8,95.6]
158  | t[160,200,240,280,300]_l[3] | 93.88%    | 0.94%    | 1.0190          | [93.6,94.6,93.2,95.0,92.5,93.7,93.4,93.1,93.9,95.8]
159  | t[160,180,240,260,280]_l[3] | 93.88%    | 1.04%    | 1.0190          | [94.1,95.1,92.3,94.8,92.8,93.6,93.3,92.9,94.1,95.8]
160  | t[134,200,220,260,300]_l[3] | 93.88%    | 0.92%    | 1.0190          | [94.1,94.7,93.1,95.1,92.5,93.4,93.4,93.3,93.9,95.6]
161  | t[134,220,240,300,329]_l[3] | 93.88%    | 0.86%    | 1.0190          | [93.9,94.4,93.0,94.6,92.8,93.7,93.5,93.2,93.9,95.9]
162  | t[134,160,200,220,260]_l[3] | 93.88%    | 0.82%    | 1.0190          | [93.4,94.8,93.1,94.5,92.7,93.4,93.9,93.5,94.1,95.6]
163  | t[134,180,220,240,329]_l[3] | 93.88%    | 0.86%    | 1.0190          | [94.2,94.6,92.5,94.2,93.1,93.2,93.6,93.6,94.1,95.8]
164  | t[134,180,220,300,329]_l[3] | 93.88%    | 0.77%    | 1.0190          | [94.1,94.6,92.7,94.3,92.8,93.9,93.3,93.8,94.0,95.4]
165  | t[160,180,200,240,280]_l[3] | 93.88%    | 0.85%    | 1.0190          | [94.1,94.6,92.8,94.3,93.0,93.6,93.4,93.3,93.8,95.9]
166  | t[160,220,240,260,280]_l[3] | 93.87%    | 0.85%    | 1.0190          | [93.5,94.7,92.8,94.8,93.0,93.9,93.2,93.2,94.3,95.4]
167  | t[160,240,260,280,300]_l[3] | 93.87%    | 0.82%    | 1.0190          | [93.7,94.8,93.1,94.5,92.8,93.2,93.7,93.2,94.2,95.5]
168  | t[134,160,200,240,300]_l[3] | 93.87%    | 0.79%    | 1.0190          | [93.3,94.6,93.3,94.9,92.8,93.8,93.4,93.4,93.8,95.4]
169  | t[180,220,260,300,329]_l[3] | 93.87%    | 0.92%    | 1.0190          | [93.7,95.1,93.1,94.6,92.6,93.9,93.5,92.7,93.9,95.5]
170  | t[134,200,280,300,329]_l[3] | 93.86%    | 0.82%    | 1.0190          | [93.4,94.9,93.4,94.1,92.3,93.6,93.7,93.5,94.2,95.5]
171  | t[220,240,280,300,329]_l[3] | 93.86%    | 0.88%    | 1.0190          | [93.4,94.7,93.0,94.7,92.7,93.5,93.6,93.1,94.4,95.6]
172  | t[180,240,260,300,329]_l[3] | 93.86%    | 0.82%    | 1.0190          | [93.6,94.7,92.9,94.4,92.8,94.0,93.5,93.4,93.6,95.7]
173  | t[160,220,260,280,329]_l[3] | 93.86%    | 0.86%    | 1.0190          | [94.0,94.5,92.7,94.9,93.3,93.7,93.3,92.9,93.8,95.5]
174  | t[134,200,220,240,260]_l[3] | 93.86%    | 0.75%    | 1.0190          | [93.7,94.8,93.1,94.4,93.2,93.4,93.5,93.3,93.6,95.5]
175  | t[180,200,240,260,300]_l[3] | 93.86%    | 1.02%    | 1.0190          | [93.8,94.9,93.1,95.0,92.5,93.1,93.6,93.0,93.7,95.9]
176  | t[134,160,200,240,329]_l[3] | 93.86%    | 0.85%    | 1.0190          | [93.8,94.5,92.7,94.8,93.1,93.8,93.4,93.0,93.8,95.6]
177  | t[134,180,200,240,280]_l[3] | 93.86%    | 0.84%    | 1.0190          | [93.6,94.7,93.0,94.3,93.2,93.5,93.6,93.0,93.9,95.8]
178  | t[134,160,200,280,329]_l[3] | 93.85%    | 0.89%    | 1.0190          | [94.0,94.6,92.7,94.9,92.9,93.6,93.4,93.0,93.8,95.6]
179  | t[160,240,260,280,329]_l[3] | 93.85%    | 0.81%    | 1.0190          | [93.7,94.2,93.1,94.8,92.9,93.8,93.1,93.4,94.1,95.6]
180  | t[134,240,260,280,329]_l[3] | 93.85%    | 0.85%    | 1.0190          | [93.8,94.6,92.5,94.5,92.7,93.7,93.7,93.3,94.0,95.6]
181  | t[220,240,260,280,329]_l[3] | 93.85%    | 0.85%    | 1.0190          | [93.8,94.4,92.7,94.8,92.7,94.0,93.4,93.3,93.9,95.5]
182  | t[200,220,240,260,280]_l[3] | 93.85%    | 0.79%    | 1.0190          | [93.6,94.5,93.2,94.5,93.0,93.5,93.4,93.1,94.0,95.6]
183  | t[134,160,220,260,280]_l[3] | 93.85%    | 0.83%    | 1.0190          | [93.8,94.7,93.2,94.8,92.7,93.8,93.5,92.9,93.7,95.4]
184  | t[160,180,200,220,329]_l[3] | 93.85%    | 0.88%    | 1.0190          | [93.8,94.6,93.6,94.5,92.6,93.8,93.5,92.4,94.1,95.5]
185  | t[180,200,240,280,300]_l[3] | 93.85%    | 0.95%    | 1.0190          | [93.8,95.0,92.8,94.8,92.4,93.6,93.3,93.4,93.7,95.6]
186  | t[134,180,200,240,260]_l[3] | 93.84%    | 0.78%    | 1.0190          | [93.9,94.8,93.3,94.2,92.8,93.2,93.4,93.5,93.8,95.5]
187  | t[160,220,240,280,300]_l[3] | 93.84%    | 0.85%    | 1.0190          | [93.8,94.5,93.2,94.7,92.5,93.5,93.5,93.2,93.9,95.6]
188  | t[134,160,220,260,300]_l[3] | 93.84%    | 0.85%    | 1.0190          | [94.0,94.4,93.2,95.0,93.2,93.5,93.3,92.6,93.9,95.5]
189  | t[134,180,200,240,329]_l[3] | 93.84%    | 0.89%    | 1.0190          | [94.1,94.9,92.8,94.2,93.1,93.2,93.8,93.3,93.3,95.8]
190  | t[180,220,260,280,329]_l[3] | 93.84%    | 0.97%    | 1.0190          | [94.1,95.0,92.7,94.9,92.7,93.7,93.0,92.9,93.9,95.5]
191  | t[134,160,260,300,329]_l[3] | 93.84%    | 0.77%    | 1.0190          | [93.9,94.2,93.3,94.7,92.9,93.9,93.6,93.4,92.9,95.5]
192  | t[134,180,200,220,240]_l[3] | 93.84%    | 0.80%    | 1.0190          | [94.0,94.8,93.1,94.2,93.1,93.3,93.3,93.2,93.6,95.6]
193  | t[200,240,260,280,329]_l[3] | 93.84%    | 0.77%    | 1.0190          | [94.0,94.5,93.1,94.8,93.0,93.6,93.1,93.3,93.6,95.4]
194  | t[160,200,240,260,280]_l[3] | 93.84%    | 0.96%    | 1.0190          | [93.5,94.8,92.9,95.0,93.0,93.8,93.1,92.6,94.0,95.6]
195  | t[160,180,200,240,300]_l[3] | 93.84%    | 0.90%    | 1.0190          | [93.7,94.7,93.4,94.8,92.5,93.5,93.4,93.0,93.7,95.7]
196  | t[134,200,260,300,329]_l[3] | 93.84%    | 0.76%    | 1.0190          | [93.7,94.8,93.2,94.2,92.6,93.7,93.5,93.5,93.7,95.4]
197  | t[180,240,260,280,300]_l[3] | 93.83%    | 0.93%    | 1.0190          | [93.3,95.1,93.2,94.6,92.1,93.9,93.4,93.5,93.8,95.5]
198  | t[134,160,200,300,329]_l[3] | 93.83%    | 0.86%    | 1.0190          | [93.6,94.8,93.2,94.5,92.8,93.3,93.8,93.1,93.5,95.8]
199  | t[134,180,260,280,329]_l[3] | 93.83%    | 0.84%    | 1.0190          | [94.1,94.6,92.7,94.5,93.1,93.8,93.3,93.0,93.7,95.6]
200  | t[160,180,220,260,280]_l[3] | 93.83%    | 0.91%    | 1.0190          | [93.9,95.0,92.7,94.6,92.6,94.1,93.4,93.2,93.4,95.5]
201  | t[134,160,260,280,329]_l[3] | 93.83%    | 0.87%    | 1.0190          | [93.2,94.4,92.7,94.7,92.6,93.7,93.4,93.6,94.4,95.4]
202  | t[160,200,240,300,329]_l[3] | 93.83%    | 0.92%    | 1.0190          | [93.2,94.6,93.5,94.6,92.4,93.2,93.5,93.6,94.0,95.8]
203  | t[134,160,180,240,260]_l[3] | 93.83%    | 0.87%    | 1.0190          | [94.0,94.8,92.9,94.7,93.1,93.1,93.2,93.2,93.7,95.6]
204  | t[134,160,180,260,329]_l[3] | 93.83%    | 0.97%    | 1.0190          | [94.0,95.0,93.1,94.6,93.3,93.4,93.3,92.4,93.3,95.8]
205  | t[134,220,260,280,329]_l[3] | 93.82%    | 0.86%    | 1.0190          | [93.9,94.6,92.9,94.9,92.6,93.6,93.4,92.9,94.0,95.3]
206  | t[134,160,180,220,300]_l[3] | 93.82%    | 0.82%    | 1.0190          | [93.6,94.6,93.1,94.6,92.6,93.6,93.4,93.4,93.8,95.6]
207  | t[134,180,280,300,329]_l[3] | 93.82%    | 0.89%    | 1.0190          | [93.9,94.7,92.8,94.6,93.0,93.8,93.3,92.7,93.9,95.6]
208  | t[134,160,180,220,329]_l[3] | 93.82%    | 0.81%    | 1.0190          | [94.1,94.4,92.9,94.4,93.2,93.1,93.3,93.0,94.0,95.6]
209  | t[160,240,260,300,329]_l[3] | 93.82%    | 0.89%    | 1.0190          | [93.9,94.6,93.1,94.5,92.2,93.7,93.6,93.5,93.5,95.6]
210  | t[134,160,200,240,280]_l[3] | 93.81%    | 0.91%    | 1.0190          | [93.3,94.6,92.9,94.5,92.6,93.6,93.5,93.1,94.2,95.8]
211  | t[180,200,220,240,329]_l[3] | 93.81%    | 0.85%    | 1.0190          | [93.6,94.5,93.0,94.8,92.7,93.8,93.7,92.8,93.7,95.5]
212  | t[134,200,260,280,329]_l[3] | 93.81%    | 0.94%    | 1.0190          | [94.1,94.7,93.3,94.7,92.5,93.7,93.0,92.5,93.9,95.5]
213  | t[160,200,220,240,260]_l[3] | 93.81%    | 1.00%    | 1.0190          | [93.7,95.0,93.2,95.0,92.8,92.9,93.2,93.0,93.5,95.8]
214  | t[134,180,260,300,329]_l[3] | 93.81%    | 0.90%    | 1.0190          | [93.8,94.7,92.8,94.5,93.1,93.8,93.5,92.9,93.1,95.8]
215  | t[220,240,260,280,300]_l[3] | 93.81%    | 0.74%    | 1.0190          | [93.8,94.7,93.3,94.6,92.7,93.3,93.3,93.6,93.6,95.2]
216  | t[134,160,200,220,329]_l[3] | 93.81%    | 0.81%    | 1.0190          | [94.0,94.5,93.3,94.5,93.0,93.4,93.2,92.8,93.7,95.6]
217  | t[200,220,260,280,300]_l[3] | 93.81%    | 0.90%    | 1.0190          | [93.8,94.6,93.3,94.8,92.0,93.6,93.9,93.0,93.7,95.3]
218  | t[160,240,280,300,329]_l[3] | 93.81%    | 0.91%    | 1.0190          | [93.7,94.7,92.9,94.5,92.3,93.4,93.4,93.1,94.5,95.5]
219  | t[134,160,180,240,300]_l[3] | 93.80%    | 1.00%    | 1.0190          | [93.6,94.9,92.8,95.3,92.5,93.7,93.3,93.1,93.3,95.5]
220  | t[200,220,260,300,329]_l[3] | 93.80%    | 0.85%    | 1.0190          | [93.8,94.8,93.2,94.3,92.5,93.7,93.2,93.1,93.9,95.5]
221  | t[180,220,240,260,280]_l[3] | 93.80%    | 0.96%    | 1.0190          | [94.4,94.6,92.7,94.3,92.6,94.0,92.9,93.0,93.5,95.7]
222  | t[134,160,280,300,329]_l[3] | 93.79%    | 0.97%    | 1.0190          | [93.7,94.7,92.8,94.6,92.6,94.1,93.5,92.3,94.0,95.6]
223  | t[134,160,240,280,329]_l[3] | 93.79%    | 0.98%    | 1.0190          | [93.4,94.6,92.7,95.2,92.9,93.7,93.2,92.8,93.8,95.6]
224  | t[134,180,220,260,280]_l[3] | 93.79%    | 0.91%    | 1.0190          | [93.9,94.9,92.5,94.5,92.8,93.7,93.6,93.1,93.5,95.6]
225  | t[134,160,220,240,260]_l[3] | 93.78%    | 0.83%    | 1.0190          | [93.9,94.6,92.8,94.6,93.3,93.0,93.4,93.4,93.3,95.6]
226  | t[200,240,280,300,329]_l[3] | 93.78%    | 0.91%    | 1.0190          | [93.6,94.7,93.1,94.6,92.3,93.5,93.3,93.0,94.0,95.6]
227  | t[134,160,240,260,300]_l[3] | 93.78%    | 0.91%    | 1.0190          | [93.5,94.7,92.7,95.0,92.6,93.0,93.5,93.5,93.9,95.3]
228  | t[220,260,280,300,329]_l[3] | 93.78%    | 0.91%    | 1.0190          | [93.9,94.6,93.2,94.7,92.3,93.8,93.4,92.6,93.9,95.4]
229  | t[220,240,260,300,329]_l[3] | 93.78%    | 0.87%    | 1.0190          | [93.7,94.5,92.7,94.7,92.7,93.6,93.5,93.1,93.7,95.6]
230  | t[134,160,180,220,240]_l[3] | 93.78%    | 0.97%    | 1.0190          | [93.4,94.7,92.5,94.5,92.6,93.6,93.6,92.9,94.1,95.8]
231  | t[180,220,240,280,300]_l[3] | 93.78%    | 1.08%    | 1.0190          | [93.5,94.7,92.3,94.8,92.4,93.7,93.5,92.8,94.2,95.9]
232  | t[134,160,180,300,329]_l[3] | 93.78%    | 0.83%    | 1.0190          | [94.0,94.5,93.3,93.9,92.7,93.7,93.1,93.0,93.9,95.7]
233  | t[134,220,280,300,329]_l[3] | 93.78%    | 0.89%    | 1.0190          | [93.8,94.5,93.0,94.7,92.8,93.8,93.4,92.5,93.9,95.5]
234  | t[200,240,260,300,329]_l[3] | 93.78%    | 0.95%    | 1.0190          | [93.7,94.7,93.0,94.3,92.2,94.0,93.3,92.9,93.9,95.7]
235  | t[134,240,280,300,329]_l[3] | 93.78%    | 0.95%    | 1.0190          | [93.8,94.8,93.2,94.7,92.2,93.7,93.4,92.6,93.9,95.4]
236  | t[134,160,200,260,280]_l[3] | 93.78%    | 0.89%    | 1.0190          | [94.1,94.8,93.3,94.2,93.0,93.7,93.4,92.6,93.1,95.7]
237  | t[200,220,280,300,329]_l[3] | 93.77%    | 0.96%    | 1.0190          | [93.9,94.6,93.1,95.0,92.6,93.5,92.9,92.7,93.8,95.6]
238  | t[134,160,260,280,300]_l[3] | 93.76%    | 0.89%    | 1.0190          | [93.4,94.9,93.1,94.8,92.6,93.5,93.4,93.6,92.9,95.4]
239  | t[134,160,240,300,329]_l[3] | 93.76%    | 0.85%    | 1.0190          | [94.1,94.7,93.1,94.0,92.5,93.3,93.7,93.1,93.5,95.6]
240  | t[134,180,220,240,300]_l[3] | 93.76%    | 0.79%    | 1.0190          | [93.9,94.6,92.9,94.5,92.6,93.8,93.4,93.2,93.5,95.2]
241  | t[134,220,260,300,329]_l[3] | 93.76%    | 0.89%    | 1.0190          | [94.3,94.7,92.9,94.7,92.8,93.2,93.2,92.9,93.4,95.4]
242  | t[160,200,220,240,329]_l[3] | 93.75%    | 0.98%    | 1.0190          | [93.5,94.6,93.0,94.9,92.4,93.6,93.3,92.7,94.0,95.6]
243  | t[200,260,280,300,329]_l[3] | 93.75%    | 1.01%    | 1.0190          | [93.5,94.8,92.7,94.5,92.4,93.7,93.3,92.9,93.8,95.9]
244  | t[180,220,280,300,329]_l[3] | 93.75%    | 0.95%    | 1.0190          | [93.9,94.8,92.8,94.6,92.2,93.7,93.0,93.1,93.8,95.5]
245  | t[160,260,280,300,329]_l[3] | 93.74%    | 0.90%    | 1.0190          | [93.6,94.6,92.9,94.6,93.0,93.4,93.3,92.5,93.9,95.6]
246  | t[180,240,260,280,329]_l[3] | 93.74%    | 0.84%    | 1.0190          | [93.5,94.7,93.0,94.3,93.1,93.7,93.1,92.6,93.7,95.5]
247  | t[180,260,280,300,329]_l[3] | 93.74%    | 0.97%    | 1.0190          | [93.1,94.8,93.2,94.7,92.1,94.1,93.5,92.7,93.7,95.4]
248  | t[200,220,240,260,300]_l[3] | 93.73%    | 0.98%    | 1.0190          | [93.5,94.7,92.8,95.2,93.1,93.4,93.3,92.3,93.6,95.4]
249  | t[134,220,240,260,300]_l[3] | 93.71%    | 1.03%    | 1.0190          | [93.8,94.6,92.8,94.9,92.7,93.0,93.5,92.7,93.2,95.9]
250  | t[134,260,280,300,329]_l[3] | 93.69%    | 0.89%    | 1.0190          | [93.8,94.7,92.7,94.2,92.5,93.9,93.0,92.9,93.6,95.5]
251  | t[180,220,240,260,300]_l[3] | 93.67%    | 1.05%    | 1.0190          | [93.6,94.6,92.5,94.8,92.0,93.9,93.3,92.9,93.5,95.5]
252  | t[240,260,280,300,329]_l[3] | 93.64%    | 0.82%    | 1.0190          | [93.3,94.5,92.7,94.2,92.8,93.5,93.6,92.7,93.7,95.4]
