============================================================
🏆 WINNER CONFIGURATION: t[119,145,165,185,205,265]_l[3]
============================================================

--- 0. Hardware & Performance Metrics ---
[Parameters]
  - VAE Parameters         : 1.35 M
  - DiT Parameters         : 16.70 M
  - Classifier Parameters  : 1.2156 M
[FLOPs (单次前向传播)]
  - VAE FLOPs              : 514,064,384.0 (0.51G)
  - DiT FLOPs              : 698,548,224.0 (0.70G)
[Time]
  - Feature Extract Time   : 42.60 Seconds
  - DiT Inference Time     : 34.2485 Seconds (Total), 8.10 ms (Avg per call)
  - Classifier Inference   : 3.57 ms (Avg per Test Set)
[GPU Memory]
  - Peak VRAM (Extraction) : 327.01 MB
  - Peak VRAM (Train/Test) : 1181.09 MB

--- 1. Overall Metrics (Mean ± Std over 10 seeds) ---
OA:    93.8563% ± 0.9148%
AA:    96.0023% ± 0.6287%
Kappa: 0.9318  ± 0.0101

--- 2. Per-Class Accuracy (Mean ± Std) ---
Brocoli_green_weeds_1    : 98.45% ± 1.38%
Brocoli_green_weeds_2    : 99.63% ± 0.87%
Fallow                   : 99.37% ± 0.93%
Fallow_rough_plow        : 97.20% ± 2.88%
Fallow_smooth            : 93.54% ± 3.68%
Stubble                  : 97.81% ± 1.98%
Celery                   : 99.60% ± 0.42%
Grapes_untrained         : 84.13% ± 6.39%
Soil_vinyard_develop     : 99.57% ± 0.45%
Corn_senesced_green_weeds: 93.30% ± 3.89%
Lettuce_romaine_4wk      : 98.93% ± 1.60%
Lettuce_romaine_5wk      : 94.50% ± 3.40%
Lettuce_romaine_6wk      : 95.97% ± 2.41%
Lettuce_romaine_7wk      : 95.46% ± 6.53%
Vinyard_untrained        : 90.67% ± 5.92%
Vinyard_vertical_trellis : 97.91% ± 3.47%

--- 3. Best Seed Detailed Report (Highest OA run) ---
                           precision    recall  f1-score   support

    Brocoli_green_weeds_1     0.9878    0.9661    0.9768      2004
    Brocoli_green_weeds_2     0.9823    1.0000    0.9911      3721
                   Fallow     0.9724    1.0000    0.9860      1971
        Fallow_rough_plow     0.8735    0.9647    0.9169      1389
            Fallow_smooth     0.9799    0.8923    0.9340      2673
                  Stubble     0.9815    0.9815    0.9815      3954
                   Celery     0.9821    0.9980    0.9900      3574
         Grapes_untrained     0.9601    0.8974    0.9277     11266
     Soil_vinyard_develop     0.9981    0.9992    0.9986      6198
Corn_senesced_green_weeds     0.9866    0.8790    0.9297      3273
      Lettuce_romaine_4wk     0.9861    1.0000    0.9930      1063
      Lettuce_romaine_5wk     0.9931    0.9781    0.9856      1922
      Lettuce_romaine_6wk     0.7658    0.9835    0.8611       911
      Lettuce_romaine_7wk     0.6119    0.7728    0.6830      1065
        Vinyard_untrained     0.8753    0.9390    0.9060      7263
 Vinyard_vertical_trellis     0.9983    0.9922    0.9953      1802

                 accuracy                         0.9482     54049
                macro avg     0.9334    0.9527    0.9410     54049
             weighted avg     0.9523    0.9482    0.9491     54049


============================================================
🚀 LEADERBOARD (All Configs)
============================================================
Rank | Config                    | Mean OA    | Std Dev    | Cls Params(M)   | Runs (OA)
-----------------------------------------------------------------------------------------------
1    | t[119,145,165,185,205,265]_l[3] | 93.86%    | 0.91%    | 1.2156          | [93.3,94.4,91.8,93.6,93.4,94.6,94.8,93.3,94.5,94.8]
2    | t[119,145,165,205,225,265]_l[3] | 93.86%    | 1.09%    | 1.2156          | [93.5,94.8,91.5,93.5,92.9,94.6,94.4,93.4,94.5,95.5]
3    | t[119,145,165,205,225,285]_l[3] | 93.83%    | 1.06%    | 1.2156          | [93.8,94.7,91.6,93.2,92.8,94.6,95.0,93.4,93.9,95.3]
4    | t[119,185,225,245,265,285]_l[3] | 93.83%    | 0.99%    | 1.2156          | [93.1,94.5,92.2,93.4,92.5,94.8,95.0,93.3,94.4,95.0]
5    | t[119,185,205,225,245,314]_l[3] | 93.83%    | 0.96%    | 1.2156          | [93.4,95.0,92.1,93.2,92.9,94.4,94.7,93.3,94.2,95.1]
6    | t[119,165,185,225,245,314]_l[3] | 93.83%    | 1.16%    | 1.2156          | [93.3,94.6,91.2,93.2,93.2,94.5,95.2,93.4,94.3,95.4]
7    | t[119,145,165,185,205,314]_l[3] | 93.82%    | 1.07%    | 1.2156          | [93.5,94.8,91.6,93.2,93.3,94.9,95.2,92.9,93.9,94.9]
8    | t[119,145,165,185,265,285]_l[3] | 93.81%    | 0.85%    | 1.2156          | [93.6,94.5,92.2,93.3,92.9,94.4,94.9,93.1,94.4,94.6]
9    | t[119,145,165,225,245,314]_l[3] | 93.81%    | 1.12%    | 1.2156          | [92.8,94.9,91.8,93.2,92.8,94.6,95.1,93.2,94.6,95.0]
10   | t[165,185,225,245,265,285]_l[3] | 93.81%    | 1.04%    | 1.2156          | [93.3,94.4,92.3,92.7,92.7,94.9,94.9,93.1,94.4,95.4]
11   | t[119,185,205,225,265,314]_l[3] | 93.80%    | 1.08%    | 1.2156          | [93.1,94.9,91.7,93.2,92.7,94.8,94.8,93.2,94.4,95.1]
12   | t[165,205,245,265,285,314]_l[3] | 93.80%    | 1.08%    | 1.2156          | [93.7,94.9,91.8,93.5,92.7,94.2,94.9,92.6,94.6,95.1]
13   | t[119,165,185,205,225,245]_l[3] | 93.80%    | 1.05%    | 1.2156          | [92.9,94.6,92.3,92.4,92.7,95.0,94.9,94.1,94.2,94.9]
14   | t[119,165,185,205,225,265]_l[3] | 93.79%    | 0.88%    | 1.2156          | [93.2,94.5,92.1,93.4,93.1,94.8,94.5,93.3,94.0,95.1]
15   | t[119,145,165,225,245,285]_l[3] | 93.79%    | 1.07%    | 1.2156          | [92.9,94.7,91.5,93.9,93.0,94.5,95.3,93.3,94.0,94.8]
16   | t[119,145,165,185,225,265]_l[3] | 93.79%    | 1.22%    | 1.2156          | [93.0,94.6,91.4,93.6,92.7,94.8,95.0,93.2,93.8,95.8]
17   | t[119,145,165,185,225,285]_l[3] | 93.78%    | 1.13%    | 1.2156          | [93.4,94.3,91.3,93.2,93.1,95.2,95.1,93.0,94.3,94.8]
18   | t[119,145,165,185,245,314]_l[3] | 93.78%    | 1.02%    | 1.2156          | [93.3,94.8,92.3,93.0,92.7,95.0,95.0,92.8,94.1,94.8]
19   | t[145,165,205,225,265,285]_l[3] | 93.78%    | 1.09%    | 1.2156          | [92.9,94.8,92.0,93.4,92.7,94.7,95.2,93.0,94.0,95.2]
20   | t[165,185,205,225,265,285]_l[3] | 93.78%    | 1.03%    | 1.2156          | [93.4,94.7,92.3,92.7,92.6,95.1,95.1,93.3,94.0,94.7]
21   | t[119,165,185,225,245,285]_l[3] | 93.77%    | 1.10%    | 1.2156          | [93.2,94.7,91.2,93.3,93.1,94.8,94.9,93.5,94.0,95.0]
22   | t[119,145,165,185,265,314]_l[3] | 93.77%    | 1.02%    | 1.2156          | [92.9,94.9,92.4,92.9,92.6,95.1,94.8,93.3,93.8,94.9]
23   | t[119,145,165,185,225,314]_l[3] | 93.76%    | 1.17%    | 1.2156          | [93.2,94.8,91.5,93.0,92.6,94.9,95.1,93.2,94.4,94.9]
24   | t[119,145,165,205,245,285]_l[3] | 93.76%    | 0.97%    | 1.2156          | [93.4,94.6,92.1,93.4,92.8,94.8,94.8,92.9,93.8,95.1]
25   | t[119,145,165,185,205,285]_l[3] | 93.76%    | 1.00%    | 1.2156          | [93.7,94.1,91.4,93.6,93.2,95.1,94.7,93.2,93.9,94.6]
26   | t[145,185,205,225,265,314]_l[3] | 93.76%    | 1.15%    | 1.2156          | [92.8,95.2,91.7,92.8,93.2,94.1,95.1,93.0,94.6,95.1]
27   | t[119,145,205,225,245,314]_l[3] | 93.76%    | 1.08%    | 1.2156          | [93.1,95.2,91.7,93.4,92.7,94.3,94.9,93.2,94.2,95.0]
28   | t[165,185,205,225,285,314]_l[3] | 93.76%    | 1.00%    | 1.2156          | [93.1,94.8,91.9,92.9,92.9,94.3,94.9,93.5,94.0,95.2]
29   | t[119,145,165,245,285,314]_l[3] | 93.75%    | 1.12%    | 1.2156          | [93.0,94.8,91.8,93.0,92.6,94.4,95.3,93.2,94.4,95.0]
30   | t[145,165,205,225,245,265]_l[3] | 93.75%    | 1.16%    | 1.2156          | [92.9,94.9,91.6,93.3,92.8,94.5,95.2,92.9,94.0,95.3]
31   | t[165,185,205,245,265,314]_l[3] | 93.75%    | 1.09%    | 1.2156          | [93.3,94.9,91.7,92.6,93.0,94.3,95.1,93.3,94.1,95.2]
32   | t[145,165,205,225,245,285]_l[3] | 93.74%    | 1.20%    | 1.2156          | [92.9,95.0,91.7,93.0,92.6,94.9,95.3,93.1,93.8,95.1]
33   | t[165,185,205,225,245,265]_l[3] | 93.74%    | 0.95%    | 1.2156          | [93.1,94.7,91.9,92.8,93.3,94.0,94.9,93.5,94.3,94.9]
34   | t[119,145,165,225,265,314]_l[3] | 93.74%    | 1.14%    | 1.2156          | [92.6,94.9,91.9,93.0,92.7,94.7,95.2,93.2,94.4,94.9]
35   | t[119,145,165,245,265,285]_l[3] | 93.74%    | 0.94%    | 1.2156          | [93.1,94.5,92.0,93.6,92.9,94.2,95.1,92.9,94.4,94.7]
36   | t[119,165,185,205,225,314]_l[3] | 93.74%    | 1.18%    | 1.2156          | [93.5,94.7,91.7,92.2,92.6,94.8,95.0,93.2,94.2,95.2]
37   | t[119,145,165,265,285,314]_l[3] | 93.74%    | 1.21%    | 1.2156          | [93.0,94.9,91.3,92.8,92.9,94.9,94.6,93.1,94.9,94.9]
38   | t[119,145,165,205,225,245]_l[3] | 93.73%    | 1.03%    | 1.2156          | [93.1,94.5,91.9,92.8,93.3,94.5,95.0,93.1,93.9,95.3]
39   | t[119,165,185,225,285,314]_l[3] | 93.73%    | 1.27%    | 1.2156          | [92.7,94.8,91.2,93.1,92.7,94.8,95.1,93.2,94.4,95.2]
40   | t[145,185,205,245,265,285]_l[3] | 93.73%    | 1.16%    | 1.2156          | [93.3,94.6,91.4,93.1,92.8,94.7,95.4,93.0,94.2,94.9]
41   | t[119,145,165,205,225,314]_l[3] | 93.73%    | 1.22%    | 1.2156          | [93.1,94.8,91.6,93.0,92.3,94.4,95.1,92.9,94.8,95.2]
42   | t[119,145,165,185,205,225]_l[3] | 93.73%    | 1.17%    | 1.2156          | [93.0,94.2,91.3,93.2,92.7,95.1,94.9,93.4,94.4,95.0]
43   | t[119,145,165,225,265,285]_l[3] | 93.73%    | 1.12%    | 1.2156          | [93.2,94.9,91.9,92.7,92.7,94.5,95.0,93.1,94.0,95.4]
44   | t[145,165,185,225,245,314]_l[3] | 93.72%    | 1.28%    | 1.2156          | [93.4,95.1,91.1,93.1,92.5,94.4,95.5,93.3,93.9,95.1]
45   | t[119,185,205,225,245,265]_l[3] | 93.72%    | 1.10%    | 1.2156          | [92.7,94.8,91.8,93.2,92.7,94.7,95.0,93.3,93.9,95.2]
46   | t[145,165,185,205,245,265]_l[3] | 93.72%    | 1.13%    | 1.2156          | [93.3,94.9,91.4,93.6,92.8,94.5,94.7,92.5,94.3,95.1]
47   | t[119,145,205,225,245,285]_l[3] | 93.72%    | 1.13%    | 1.2156          | [93.4,94.7,91.3,93.1,92.9,94.8,94.9,93.1,94.0,95.0]
48   | t[119,185,245,265,285,314]_l[3] | 93.72%    | 0.92%    | 1.2156          | [93.4,94.5,92.0,92.9,92.8,94.5,94.8,93.5,94.2,94.7]
49   | t[119,145,165,225,245,265]_l[3] | 93.71%    | 1.22%    | 1.2156          | [92.6,94.7,91.5,93.1,92.8,94.9,95.0,93.1,94.1,95.4]
50   | t[165,185,245,265,285,314]_l[3] | 93.71%    | 1.13%    | 1.2156          | [92.8,95.0,91.4,93.1,93.2,94.4,94.9,93.0,94.4,95.0]
51   | t[145,165,205,225,265,314]_l[3] | 93.71%    | 1.19%    | 1.2156          | [92.9,94.9,91.7,92.3,93.0,95.0,95.3,93.3,93.9,94.8]
52   | t[119,165,185,225,265,285]_l[3] | 93.71%    | 1.23%    | 1.2156          | [93.1,94.4,91.0,92.9,92.8,94.5,95.0,93.6,94.4,95.4]
53   | t[165,185,205,265,285,314]_l[3] | 93.70%    | 1.01%    | 1.2156          | [93.0,94.9,91.9,93.0,92.9,94.6,94.8,93.1,94.1,94.8]
54   | t[145,165,185,225,285,314]_l[3] | 93.70%    | 1.21%    | 1.2156          | [93.1,95.0,91.3,93.1,92.6,94.9,94.9,93.0,94.3,94.9]
55   | t[165,185,205,225,265,314]_l[3] | 93.70%    | 1.17%    | 1.2156          | [92.9,94.9,91.7,92.3,92.8,94.7,95.1,93.3,94.5,94.8]
56   | t[145,165,205,225,285,314]_l[3] | 93.70%    | 1.10%    | 1.2156          | [92.7,95.1,91.7,93.2,92.6,94.5,94.7,93.4,94.1,95.0]
57   | t[119,145,225,245,265,285]_l[3] | 93.70%    | 0.99%    | 1.2156          | [92.7,94.5,92.3,93.0,92.5,93.9,95.0,93.5,94.8,94.8]
58   | t[119,165,185,205,245,265]_l[3] | 93.70%    | 0.99%    | 1.2156          | [93.4,94.4,91.6,93.0,93.1,94.4,94.7,93.2,94.1,95.0]
59   | t[119,145,165,225,285,314]_l[3] | 93.69%    | 1.03%    | 1.2156          | [92.7,94.8,92.1,92.9,92.5,94.8,94.6,93.3,94.5,94.6]
60   | t[145,165,185,205,225,245]_l[3] | 93.69%    | 1.06%    | 1.2156          | [93.7,94.9,91.5,92.8,92.7,94.6,94.8,93.3,93.9,94.7]
61   | t[119,145,185,205,225,265]_l[3] | 93.69%    | 1.17%    | 1.2156          | [93.3,94.8,91.5,93.3,92.1,94.7,94.7,93.2,94.3,95.1]
62   | t[119,185,205,225,265,285]_l[3] | 93.68%    | 1.10%    | 1.2156          | [93.1,94.4,91.6,93.2,92.6,94.5,95.1,93.0,94.2,95.1]
63   | t[145,165,185,205,225,285]_l[3] | 93.68%    | 0.96%    | 1.2156          | [93.5,94.8,91.8,93.3,92.7,94.4,94.8,92.9,93.9,94.7]
64   | t[119,185,205,225,245,285]_l[3] | 93.68%    | 1.33%    | 1.2156          | [92.8,94.8,91.0,93.1,92.5,95.4,95.1,93.2,93.9,95.0]
65   | t[119,165,205,225,245,314]_l[3] | 93.67%    | 1.26%    | 1.2156          | [92.7,94.8,91.9,92.5,92.5,95.0,95.2,92.8,94.0,95.4]
66   | t[119,185,205,245,265,314]_l[3] | 93.67%    | 1.00%    | 1.2156          | [92.9,94.7,92.2,93.3,92.4,94.3,94.8,93.1,93.7,95.3]
67   | t[119,205,245,265,285,314]_l[3] | 93.67%    | 1.03%    | 1.2156          | [93.2,95.0,92.0,92.4,92.8,94.7,94.7,93.2,94.2,94.5]
68   | t[119,165,205,225,285,314]_l[3] | 93.67%    | 1.15%    | 1.2156          | [93.4,94.9,91.3,93.1,92.5,94.9,94.6,93.1,94.1,94.8]
69   | t[119,165,225,245,265,314]_l[3] | 93.67%    | 1.10%    | 1.2156          | [92.8,94.9,91.9,92.6,92.8,94.0,94.7,93.4,94.0,95.5]
70   | t[119,145,185,205,285,314]_l[3] | 93.67%    | 1.01%    | 1.2156          | [92.9,94.7,91.6,93.2,92.8,94.4,94.6,93.2,94.4,94.9]
71   | t[165,205,225,245,265,285]_l[3] | 93.67%    | 1.21%    | 1.2156          | [93.1,94.8,91.4,92.2,92.7,94.7,94.8,93.6,94.7,94.8]
72   | t[119,145,165,185,245,285]_l[3] | 93.66%    | 1.10%    | 1.2156          | [93.4,94.7,91.3,92.8,93.1,94.9,94.8,92.9,94.0,94.7]
73   | t[145,185,225,245,265,285]_l[3] | 93.66%    | 1.16%    | 1.2156          | [92.5,94.6,91.5,94.0,92.2,94.6,94.7,93.2,94.4,94.9]
74   | t[145,165,185,205,265,314]_l[3] | 93.66%    | 1.09%    | 1.2156          | [93.5,94.9,91.6,93.5,92.3,94.2,94.9,92.8,93.8,95.0]
75   | t[119,145,205,225,265,314]_l[3] | 93.66%    | 1.06%    | 1.2156          | [92.7,95.0,91.6,93.4,93.0,94.5,94.5,93.0,93.9,95.1]
76   | t[119,165,185,205,265,314]_l[3] | 93.66%    | 1.08%    | 1.2156          | [93.2,94.7,91.8,92.4,92.9,94.6,95.0,93.2,93.7,95.0]
77   | t[145,165,185,205,245,314]_l[3] | 93.66%    | 1.20%    | 1.2156          | [92.9,95.0,91.5,93.2,92.3,94.5,95.0,93.1,93.8,95.2]
78   | t[165,185,225,245,265,314]_l[3] | 93.66%    | 1.20%    | 1.2156          | [93.2,94.6,91.5,92.5,92.5,94.4,95.0,93.1,94.4,95.3]
79   | t[119,145,185,225,265,285]_l[3] | 93.66%    | 1.08%    | 1.2156          | [92.5,94.6,91.9,93.2,92.7,94.5,95.0,92.9,94.1,95.1]
80   | t[119,185,205,245,265,285]_l[3] | 93.65%    | 1.08%    | 1.2156          | [93.2,94.6,91.7,93.5,92.2,94.5,94.6,92.9,94.2,95.0]
81   | t[145,165,185,225,245,265]_l[3] | 93.65%    | 1.32%    | 1.2156          | [92.9,94.8,91.0,92.2,93.5,94.6,95.1,93.1,94.0,95.3]
82   | t[119,165,185,245,285,314]_l[3] | 93.65%    | 1.15%    | 1.2156          | [93.0,95.2,91.4,92.9,92.6,94.4,94.4,93.2,94.3,95.1]
83   | t[119,165,205,225,265,314]_l[3] | 93.65%    | 1.05%    | 1.2156          | [93.1,94.7,91.6,92.8,93.0,94.6,94.8,93.2,93.6,95.1]
84   | t[119,145,205,225,265,285]_l[3] | 93.65%    | 1.14%    | 1.2156          | [93.0,94.8,91.3,92.8,92.8,95.0,94.9,93.4,93.8,94.7]
85   | t[119,165,205,225,245,285]_l[3] | 93.65%    | 1.14%    | 1.2156          | [93.1,94.7,91.7,93.3,92.3,95.1,94.8,93.4,93.1,95.1]
86   | t[145,165,185,225,265,314]_l[3] | 93.65%    | 1.19%    | 1.2156          | [93.3,95.1,91.3,92.4,92.8,94.3,95.0,93.1,94.4,94.7]
87   | t[119,165,185,205,225,285]_l[3] | 93.65%    | 1.16%    | 1.2156          | [93.1,94.6,91.1,93.4,92.4,94.2,94.6,93.6,94.8,94.8]
88   | t[119,145,225,245,265,314]_l[3] | 93.65%    | 0.96%    | 1.2156          | [93.0,94.7,92.4,93.1,92.2,93.9,94.8,93.0,94.4,94.8]
89   | t[119,145,185,245,285,314]_l[3] | 93.65%    | 1.00%    | 1.2156          | [93.4,94.9,91.8,93.1,92.5,94.3,94.4,93.0,94.1,94.9]
90   | t[145,165,225,245,265,285]_l[3] | 93.65%    | 1.08%    | 1.2156          | [92.8,94.7,91.7,93.4,92.4,95.0,94.3,93.0,94.5,94.8]
91   | t[165,205,225,245,285,314]_l[3] | 93.65%    | 1.19%    | 1.2156          | [93.0,95.0,91.2,92.8,92.7,94.3,94.8,93.1,94.6,94.9]
92   | t[119,225,245,265,285,314]_l[3] | 93.65%    | 1.13%    | 1.2156          | [92.9,95.0,91.8,92.6,92.3,95.0,94.4,93.5,94.2,94.7]
93   | t[119,145,165,205,285,314]_l[3] | 93.65%    | 1.17%    | 1.2156          | [93.0,94.8,91.5,93.4,92.1,95.0,94.5,93.0,94.2,94.9]
94   | t[119,145,165,205,265,314]_l[3] | 93.64%    | 1.10%    | 1.2156          | [92.8,94.7,92.0,92.6,92.8,94.6,94.9,92.6,94.6,94.8]
95   | t[119,165,225,245,265,285]_l[3] | 93.64%    | 1.24%    | 1.2156          | [93.1,94.6,91.2,92.9,92.2,94.8,95.1,93.3,94.2,95.0]
96   | t[119,145,165,185,205,245]_l[3] | 93.64%    | 1.05%    | 1.2156          | [92.8,94.5,91.5,92.8,93.3,94.4,95.1,93.1,94.0,94.8]
97   | t[119,165,185,265,285,314]_l[3] | 93.64%    | 1.12%    | 1.2156          | [93.3,94.8,91.4,92.6,92.5,94.7,94.6,93.6,94.4,94.6]
98   | t[119,145,185,225,285,314]_l[3] | 93.64%    | 1.23%    | 1.2156          | [92.9,94.5,91.0,92.8,92.9,94.9,95.1,93.2,94.3,94.8]
99   | t[145,165,185,245,265,285]_l[3] | 93.64%    | 1.18%    | 1.2156          | [93.0,94.8,91.2,92.8,93.0,94.5,95.0,93.1,93.9,95.2]
100  | t[119,145,165,205,245,265]_l[3] | 93.64%    | 1.18%    | 1.2156          | [93.5,94.7,91.0,93.5,92.7,94.9,94.8,92.8,93.8,94.8]
101  | t[119,145,165,185,285,314]_l[3] | 93.64%    | 1.14%    | 1.2156          | [92.9,94.9,91.6,93.2,92.1,94.8,94.6,93.2,94.3,94.7]
102  | t[119,145,185,205,225,245]_l[3] | 93.64%    | 1.10%    | 1.2156          | [92.9,94.8,91.7,92.6,92.6,95.0,94.4,93.3,94.2,94.8]
103  | t[145,205,225,265,285,314]_l[3] | 93.64%    | 1.22%    | 1.2156          | [93.3,94.8,91.0,92.7,92.6,94.8,94.7,93.3,94.4,94.7]
104  | t[119,145,205,265,285,314]_l[3] | 93.64%    | 1.01%    | 1.2156          | [93.3,94.8,91.5,93.0,92.7,94.6,94.7,93.1,94.3,94.3]
105  | t[145,185,205,225,245,314]_l[3] | 93.64%    | 1.20%    | 1.2156          | [93.3,94.8,91.3,92.8,92.4,94.4,95.2,93.1,94.3,94.8]
106  | t[119,185,225,265,285,314]_l[3] | 93.63%    | 1.07%    | 1.2156          | [93.2,94.5,91.6,92.7,92.6,94.4,94.8,93.2,94.4,95.0]
107  | t[119,165,245,265,285,314]_l[3] | 93.63%    | 0.92%    | 1.2156          | [92.8,94.6,92.3,92.8,92.7,94.5,94.6,93.2,94.3,94.6]
108  | t[119,145,185,245,265,314]_l[3] | 93.63%    | 0.98%    | 1.2156          | [92.9,94.8,92.3,93.1,92.5,93.8,95.0,93.1,94.0,95.0]
109  | t[165,185,205,225,245,285]_l[3] | 93.63%    | 1.04%    | 1.2156          | [93.3,94.7,92.0,92.4,92.8,94.5,94.9,92.9,93.8,95.0]
110  | t[119,165,205,245,285,314]_l[3] | 93.63%    | 1.14%    | 1.2156          | [92.7,94.4,91.3,93.4,92.5,94.6,94.7,93.2,94.4,95.0]
111  | t[119,145,165,185,245,265]_l[3] | 93.62%    | 1.12%    | 1.2156          | [93.1,94.6,91.3,92.8,92.7,94.8,94.9,93.3,94.1,94.5]
112  | t[119,145,185,245,265,285]_l[3] | 93.62%    | 0.97%    | 1.2156          | [93.5,94.2,91.6,93.4,92.9,93.6,94.8,93.0,94.2,95.1]
113  | t[119,185,205,265,285,314]_l[3] | 93.62%    | 0.95%    | 1.2156          | [92.8,94.7,92.1,93.0,92.7,94.2,94.7,92.9,94.5,94.7]
114  | t[145,185,205,225,285,314]_l[3] | 93.62%    | 1.27%    | 1.2156          | [93.5,94.9,90.9,93.4,92.2,94.8,94.2,92.8,94.5,95.0]
115  | t[119,145,205,245,265,314]_l[3] | 93.62%    | 1.06%    | 1.2156          | [92.8,94.9,91.9,92.5,93.0,94.7,94.3,93.2,93.9,95.1]
116  | t[145,165,185,205,225,265]_l[3] | 93.62%    | 1.11%    | 1.2156          | [93.3,94.9,91.8,92.6,92.2,94.5,94.8,93.0,94.1,94.9]
117  | t[119,165,185,225,245,265]_l[3] | 93.62%    | 1.11%    | 1.2156          | [93.0,94.5,91.6,92.4,92.8,94.8,95.0,93.8,93.4,94.9]
118  | t[119,165,185,205,285,314]_l[3] | 93.61%    | 1.02%    | 1.2156          | [93.3,94.6,91.3,93.3,92.9,94.6,94.6,92.9,93.9,94.7]
119  | t[119,145,185,225,245,285]_l[3] | 93.61%    | 1.06%    | 1.2156          | [93.2,94.6,91.2,92.8,93.2,94.6,95.0,93.3,93.9,94.4]
120  | t[119,145,185,265,285,314]_l[3] | 93.61%    | 1.06%    | 1.2156          | [92.7,94.8,91.7,92.8,92.9,94.9,94.6,93.1,94.1,94.5]
121  | t[145,165,225,265,285,314]_l[3] | 93.61%    | 1.21%    | 1.2156          | [93.1,94.8,91.4,92.3,92.6,94.7,94.5,93.1,94.7,94.9]
122  | t[145,165,185,225,245,285]_l[3] | 93.61%    | 1.23%    | 1.2156          | [93.1,94.7,90.9,93.3,92.7,94.9,94.8,93.3,93.3,95.1]
123  | t[119,145,205,225,245,265]_l[3] | 93.61%    | 1.23%    | 1.2156          | [92.9,95.1,91.4,92.5,92.7,94.6,95.2,92.9,93.9,94.9]
124  | t[165,185,225,265,285,314]_l[3] | 93.60%    | 1.21%    | 1.2156          | [93.1,94.9,91.4,92.1,93.0,94.3,94.6,93.0,94.7,95.0]
125  | t[165,225,245,265,285,314]_l[3] | 93.60%    | 1.21%    | 1.2156          | [93.1,94.7,91.3,92.9,92.4,94.6,94.7,92.7,94.8,94.9]
126  | t[145,185,205,245,265,314]_l[3] | 93.60%    | 1.00%    | 1.2156          | [93.2,95.2,92.0,92.8,92.7,93.6,94.6,92.9,94.1,94.9]
127  | t[145,165,225,245,285,314]_l[3] | 93.60%    | 1.30%    | 1.2156          | [93.2,95.0,91.0,92.7,92.4,94.2,94.9,92.9,94.4,95.2]
128  | t[119,145,165,185,225,245]_l[3] | 93.60%    | 1.06%    | 1.2156          | [93.2,94.6,91.9,92.7,92.2,94.8,94.7,93.3,93.7,94.8]
129  | t[119,145,205,225,285,314]_l[3] | 93.60%    | 1.14%    | 1.2156          | [92.6,94.9,91.3,92.8,93.0,94.6,94.6,93.2,94.0,94.9]
130  | t[145,185,225,265,285,314]_l[3] | 93.60%    | 1.00%    | 1.2156          | [92.9,94.8,91.8,92.6,93.0,93.8,94.9,93.2,94.4,94.5]
131  | t[119,145,185,205,245,265]_l[3] | 93.60%    | 1.33%    | 1.2156          | [93.2,94.7,90.7,92.9,92.3,94.8,95.2,93.6,93.9,94.7]
132  | t[119,165,185,245,265,285]_l[3] | 93.59%    | 1.11%    | 1.2156          | [93.2,94.6,91.6,93.0,92.6,94.3,95.0,92.7,93.9,95.2]
133  | t[119,185,225,245,265,314]_l[3] | 93.59%    | 1.04%    | 1.2156          | [92.9,94.8,92.0,92.7,92.2,94.5,94.6,93.4,94.0,94.8]
134  | t[119,165,205,225,265,285]_l[3] | 93.59%    | 1.29%    | 1.2156          | [92.7,94.8,91.2,92.2,92.8,94.6,95.2,93.1,94.2,95.0]
135  | t[145,185,225,245,265,314]_l[3] | 93.59%    | 1.13%    | 1.2156          | [92.9,95.0,91.7,92.5,92.4,94.3,94.7,93.2,94.3,94.9]
136  | t[145,165,205,225,245,314]_l[3] | 93.59%    | 1.21%    | 1.2156          | [92.9,95.0,91.2,92.7,92.8,94.5,94.8,92.8,94.0,95.0]
137  | t[119,165,185,245,265,314]_l[3] | 93.59%    | 1.11%    | 1.2156          | [93.1,94.5,91.9,92.7,92.3,94.5,94.8,93.0,93.8,95.3]
138  | t[165,185,205,225,245,314]_l[3] | 93.59%    | 1.30%    | 1.2156          | [92.8,95.1,91.2,92.2,92.6,94.6,95.0,93.1,94.2,95.0]
139  | t[119,145,185,225,265,314]_l[3] | 93.59%    | 1.17%    | 1.2156          | [93.0,94.7,91.8,92.5,92.2,94.5,94.8,92.9,94.6,94.8]
140  | t[145,205,245,265,285,314]_l[3] | 93.59%    | 1.26%    | 1.2156          | [93.3,94.9,90.9,92.8,92.7,94.3,94.9,92.7,94.8,94.6]
141  | t[119,145,165,245,265,314]_l[3] | 93.59%    | 1.05%    | 1.2156          | [92.9,94.7,91.7,92.9,92.7,94.0,94.6,92.8,94.6,94.9]
142  | t[119,205,225,245,265,285]_l[3] | 93.59%    | 1.09%    | 1.2156          | [92.6,94.7,91.8,92.8,92.3,94.3,94.8,93.3,94.4,94.9]
143  | t[145,165,185,265,285,314]_l[3] | 93.59%    | 1.32%    | 1.2156          | [93.2,95.2,91.4,92.1,92.0,94.7,94.7,93.2,94.6,94.9]
144  | t[119,145,185,205,225,285]_l[3] | 93.59%    | 0.97%    | 1.2156          | [93.2,94.3,92.0,93.0,92.3,94.4,94.5,92.9,93.9,95.1]
145  | t[145,165,185,205,225,314]_l[3] | 93.58%    | 1.30%    | 1.2156          | [93.2,95.1,91.7,92.0,92.2,94.6,94.9,93.1,93.8,95.3]
146  | t[165,185,205,245,265,285]_l[3] | 93.58%    | 1.16%    | 1.2156          | [93.0,94.4,91.5,92.4,92.7,95.1,94.8,93.2,93.8,94.9]
147  | t[165,205,225,265,285,314]_l[3] | 93.58%    | 1.10%    | 1.2156          | [93.4,94.8,91.8,92.5,92.2,94.7,95.0,92.9,94.3,94.2]
148  | t[119,145,185,205,245,314]_l[3] | 93.58%    | 1.04%    | 1.2156          | [93.1,94.7,91.9,92.6,92.4,94.2,94.8,93.2,94.0,94.9]
149  | t[119,185,225,245,285,314]_l[3] | 93.57%    | 1.25%    | 1.2156          | [93.0,94.7,91.4,92.5,92.1,94.2,95.2,93.3,94.7,94.8]
150  | t[119,145,225,265,285,314]_l[3] | 93.57%    | 1.13%    | 1.2156          | [93.0,95.0,91.4,92.5,92.7,94.2,94.9,93.2,94.3,94.6]
151  | t[185,205,225,245,265,285]_l[3] | 93.57%    | 1.19%    | 1.2156          | [92.6,94.7,91.6,92.5,92.2,94.2,95.1,93.5,94.3,94.9]
152  | t[119,165,205,225,245,265]_l[3] | 93.57%    | 1.22%    | 1.2156          | [92.9,94.5,91.2,92.6,92.4,94.6,95.0,93.1,94.4,94.9]
153  | t[119,165,225,245,285,314]_l[3] | 93.57%    | 1.19%    | 1.2156          | [93.0,94.7,91.4,92.9,92.2,94.1,94.7,93.1,94.2,95.3]
154  | t[119,165,205,265,285,314]_l[3] | 93.57%    | 1.12%    | 1.2156          | [93.4,94.5,91.5,92.5,92.3,94.7,94.6,93.1,94.5,94.6]
155  | t[119,145,205,245,285,314]_l[3] | 93.56%    | 1.15%    | 1.2156          | [92.9,94.9,91.4,93.3,92.2,94.4,94.7,92.9,93.9,94.9]
156  | t[145,165,205,245,285,314]_l[3] | 93.56%    | 1.12%    | 1.2156          | [93.2,94.9,91.4,92.9,92.4,94.6,94.6,92.9,93.7,94.8]
157  | t[145,185,205,265,285,314]_l[3] | 93.56%    | 1.05%    | 1.2156          | [93.4,95.0,91.6,92.6,92.9,93.8,94.6,92.8,94.4,94.6]
158  | t[185,205,225,265,285,314]_l[3] | 93.56%    | 1.16%    | 1.2156          | [92.9,94.5,91.4,92.9,92.1,94.7,94.8,93.2,94.6,94.6]
159  | t[119,145,205,245,265,285]_l[3] | 93.56%    | 1.06%    | 1.2156          | [92.9,94.4,91.6,92.8,92.5,94.6,94.2,93.3,94.2,95.1]
160  | t[119,165,185,205,245,285]_l[3] | 93.56%    | 1.17%    | 1.2156          | [92.9,94.3,91.1,93.1,92.8,94.8,94.9,93.2,93.5,95.0]
161  | t[165,185,205,245,285,314]_l[3] | 93.56%    | 1.02%    | 1.2156          | [93.3,94.8,91.9,92.9,92.4,94.2,94.7,92.7,93.6,94.9]
162  | t[119,145,225,245,285,314]_l[3] | 93.55%    | 1.21%    | 1.2156          | [92.7,94.6,91.0,92.7,92.9,94.3,94.9,93.1,94.5,94.9]
163  | t[165,205,225,245,265,314]_l[3] | 93.55%    | 1.05%    | 1.2156          | [93.1,94.9,91.5,92.9,92.4,93.5,94.6,93.7,94.2,94.7]
164  | t[145,165,185,245,285,314]_l[3] | 93.55%    | 1.14%    | 1.2156          | [93.1,95.0,91.5,92.8,92.4,94.0,94.8,93.0,93.8,95.0]
165  | t[145,185,205,225,245,265]_l[3] | 93.55%    | 1.07%    | 1.2156          | [92.8,94.7,91.6,92.6,93.2,94.7,94.8,93.0,93.5,94.7]
166  | t[145,225,245,265,285,314]_l[3] | 93.55%    | 1.07%    | 1.2156          | [93.2,94.7,91.3,92.8,92.6,93.8,94.3,93.3,94.6,94.9]
167  | t[119,165,205,245,265,285]_l[3] | 93.54%    | 1.04%    | 1.2156          | [93.0,94.5,91.8,92.9,92.6,95.1,94.4,92.8,93.7,94.7]
168  | t[119,165,185,205,265,285]_l[3] | 93.54%    | 1.04%    | 1.2156          | [92.8,94.5,91.7,93.1,93.3,94.5,95.0,92.4,93.5,94.6]
169  | t[145,165,205,245,265,285]_l[3] | 93.54%    | 1.06%    | 1.2156          | [92.9,94.6,92.0,92.7,92.3,94.5,95.0,93.0,93.6,94.8]
170  | t[145,165,185,225,265,285]_l[3] | 93.54%    | 1.05%    | 1.2156          | [93.1,94.3,91.7,92.6,92.7,94.2,94.9,92.9,93.7,95.2]
171  | t[119,205,225,245,265,314]_l[3] | 93.54%    | 0.94%    | 1.2156          | [93.2,94.7,92.3,93.0,91.9,94.0,94.5,93.1,94.2,94.5]
172  | t[119,205,225,245,285,314]_l[3] | 93.54%    | 1.16%    | 1.2156          | [93.3,94.9,91.1,92.7,92.3,94.1,94.6,93.4,94.2,94.8]
173  | t[119,145,185,225,245,314]_l[3] | 93.54%    | 1.09%    | 1.2156          | [92.7,94.8,91.7,92.6,92.6,93.6,94.8,93.3,94.2,95.1]
174  | t[119,145,185,205,265,285]_l[3] | 93.53%    | 0.97%    | 1.2156          | [93.0,94.4,91.4,93.5,93.1,94.1,94.7,92.8,93.8,94.6]
175  | t[119,145,165,205,245,314]_l[3] | 93.53%    | 1.02%    | 1.2156          | [93.3,94.5,91.4,93.3,92.5,94.4,94.4,93.0,93.6,94.9]
176  | t[119,145,185,205,225,314]_l[3] | 93.53%    | 1.10%    | 1.2156          | [92.8,94.7,91.2,92.9,92.7,94.0,94.6,93.3,94.2,95.0]
177  | t[185,225,245,265,285,314]_l[3] | 93.53%    | 1.08%    | 1.2156          | [93.2,94.7,91.8,92.9,92.2,94.5,94.6,92.6,93.8,95.0]
178  | t[119,145,165,205,265,285]_l[3] | 93.53%    | 1.12%    | 1.2156          | [93.3,94.3,91.0,92.9,93.0,94.3,94.8,92.9,93.9,94.9]
179  | t[119,165,205,245,265,314]_l[3] | 93.53%    | 1.11%    | 1.2156          | [92.8,94.8,91.5,92.5,92.6,94.2,94.6,93.2,93.9,95.1]
180  | t[145,165,185,205,265,285]_l[3] | 93.53%    | 1.04%    | 1.2156          | [92.9,94.5,91.6,93.0,93.0,94.1,95.0,92.6,93.7,94.9]
181  | t[119,165,225,265,285,314]_l[3] | 93.52%    | 1.29%    | 1.2156          | [93.3,94.9,91.0,92.5,92.1,94.3,94.8,93.0,94.4,94.9]
182  | t[119,165,185,205,245,314]_l[3] | 93.52%    | 1.10%    | 1.2156          | [93.1,94.8,91.4,92.7,92.6,94.3,94.8,93.0,93.5,94.9]
183  | t[145,165,205,265,285,314]_l[3] | 93.52%    | 1.15%    | 1.2156          | [93.0,94.9,91.6,92.6,92.3,94.2,95.2,92.8,94.1,94.6]
184  | t[145,185,205,225,245,285]_l[3] | 93.52%    | 1.14%    | 1.2156          | [92.6,94.8,91.2,93.1,92.6,94.8,95.0,93.1,93.9,94.1]
185  | t[145,185,205,225,265,285]_l[3] | 93.52%    | 1.03%    | 1.2156          | [92.7,94.6,91.9,93.0,92.6,94.5,95.1,92.8,93.5,94.4]
186  | t[145,185,205,245,285,314]_l[3] | 93.51%    | 1.20%    | 1.2156          | [93.0,95.0,91.4,92.7,92.2,94.2,94.3,92.9,94.1,95.3]
187  | t[185,205,245,265,285,314]_l[3] | 93.51%    | 1.05%    | 1.2156          | [92.9,94.7,91.7,92.7,92.3,94.5,94.6,92.9,94.1,94.5]
188  | t[145,205,225,245,265,314]_l[3] | 93.51%    | 1.15%    | 1.2156          | [93.2,95.0,91.5,92.0,92.9,93.6,94.9,93.1,94.4,94.6]
189  | t[145,185,225,245,285,314]_l[3] | 93.51%    | 1.28%    | 1.2156          | [93.5,94.8,90.8,92.7,92.1,94.1,94.8,93.2,94.0,95.0]
190  | t[145,165,205,245,265,314]_l[3] | 93.50%    | 1.25%    | 1.2156          | [92.8,94.9,91.5,92.6,92.1,93.9,94.7,92.8,94.5,95.3]
191  | t[119,145,245,265,285,314]_l[3] | 93.49%    | 1.05%    | 1.2156          | [92.5,94.8,91.7,92.6,92.8,94.0,94.7,93.0,94.1,94.7]
192  | t[165,185,225,245,285,314]_l[3] | 93.49%    | 1.25%    | 1.2156          | [93.6,94.8,90.7,92.5,92.5,93.9,94.8,93.1,94.6,94.5]
193  | t[119,145,185,205,265,314]_l[3] | 93.49%    | 1.04%    | 1.2156          | [92.7,94.6,91.8,92.9,92.4,94.1,94.9,92.9,93.6,94.9]
194  | t[119,165,185,225,265,314]_l[3] | 93.49%    | 1.21%    | 1.2156          | [92.7,94.4,91.5,92.3,92.3,94.4,94.9,93.2,94.1,95.2]
195  | t[145,185,245,265,285,314]_l[3] | 93.48%    | 1.16%    | 1.2156          | [93.0,95.0,91.2,92.4,92.5,93.8,94.6,93.3,94.5,94.6]
196  | t[145,205,225,245,265,285]_l[3] | 93.47%    | 0.88%    | 1.2156          | [93.4,94.7,91.9,92.7,92.5,94.1,94.4,93.0,93.7,94.3]
197  | t[145,165,185,245,265,314]_l[3] | 93.47%    | 1.18%    | 1.2156          | [92.7,94.6,91.9,92.6,92.0,93.8,95.0,92.9,93.8,95.4]
198  | t[185,205,225,245,265,314]_l[3] | 93.46%    | 1.26%    | 1.2156          | [92.5,95.0,91.7,92.1,92.2,93.2,95.0,93.2,94.8,94.8]
199  | t[119,145,185,225,245,265]_l[3] | 93.46%    | 1.14%    | 1.2156          | [92.5,94.6,91.6,92.7,92.3,94.1,95.1,93.0,93.8,94.9]
200  | t[145,165,245,265,285,314]_l[3] | 93.46%    | 1.24%    | 1.2156          | [93.2,94.9,91.1,92.1,92.3,94.0,94.7,93.1,94.7,94.5]
201  | t[205,225,245,265,285,314]_l[3] | 93.46%    | 1.16%    | 1.2156          | [92.9,94.6,91.0,92.6,93.0,94.2,94.7,93.1,93.6,95.0]
202  | t[119,205,225,265,285,314]_l[3] | 93.45%    | 1.24%    | 1.2156          | [92.7,94.9,91.0,93.0,92.1,94.1,94.8,92.9,94.6,94.3]
203  | t[185,205,225,245,285,314]_l[3] | 93.43%    | 1.09%    | 1.2156          | [93.1,94.9,91.1,92.8,92.4,94.1,94.2,93.2,94.1,94.5]
204  | t[119,185,205,245,285,314]_l[3] | 93.42%    | 1.13%    | 1.2156          | [92.8,94.8,91.3,92.8,92.4,93.9,94.6,92.9,93.5,95.0]
205  | t[119,145,185,205,245,285]_l[3] | 93.42%    | 0.94%    | 1.2156          | [92.8,94.3,91.5,93.1,92.8,94.4,94.2,93.0,93.4,94.7]
206  | t[145,205,225,245,285,314]_l[3] | 93.41%    | 1.12%    | 1.2156          | [92.8,94.9,91.2,92.8,92.4,93.5,94.8,93.2,93.9,94.5]
207  | t[119,185,205,225,285,314]_l[3] | 93.41%    | 1.00%    | 1.2156          | [92.5,94.4,91.8,93.1,92.2,94.8,94.2,92.9,93.7,94.5]
208  | t[145,165,185,205,285,314]_l[3] | 93.41%    | 1.17%    | 1.2156          | [93.1,95.1,90.9,92.8,92.6,93.8,94.6,92.8,93.9,94.4]
209  | t[145,165,185,205,245,285]_l[3] | 93.40%    | 1.01%    | 1.2156          | [93.2,94.6,91.5,92.5,92.8,94.3,94.5,92.7,93.5,94.6]
210  | t[145,165,225,245,265,314]_l[3] | 93.37%    | 1.18%    | 1.2156          | [92.7,94.4,91.6,92.5,91.9,93.6,95.1,93.0,94.0,95.0]
