============================================================
🏆 WINNER CONFIGURATION: t[134,180,220,260,280,300]_l[3]
============================================================

--- 0. Hardware & Performance Metrics ---
[Parameters]
  - VAE Parameters         : 1.35 M
  - DiT Parameters         : 16.70 M
  - Classifier Parameters  : 1.2156 M
[FLOPs (单次前向传播)]
  - VAE FLOPs              : 514,064,384.0 (0.51G)
  - DiT FLOPs              : 698,548,224.0 (0.70G)
[Time]
  - Feature Extract Time   : 123.46 Seconds
  - DiT Inference Time     : 34.7602 Seconds (Total), 8.22 ms (Avg per call)
  - Classifier Inference   : 3.48 ms (Avg per Test Set)
[GPU Memory]
  - Peak VRAM (Extraction) : 327.01 MB
  - Peak VRAM (Train/Test) : 1099.82 MB

--- 1. Overall Metrics (Mean ± Std over 10 seeds) ---
OA:    94.3174% ± 0.7655%
AA:    95.9375% ± 0.9981%
Kappa: 0.9369  ± 0.0085

--- 2. Per-Class Accuracy (Mean ± Std) ---
Brocoli_green_weeds_1    : 98.26% ± 1.34%
Brocoli_green_weeds_2    : 98.64% ± 2.73%
Fallow                   : 98.12% ± 2.77%
Fallow_rough_plow        : 98.33% ± 2.89%
Fallow_smooth            : 92.53% ± 4.08%
Stubble                  : 97.66% ± 2.86%
Celery                   : 99.76% ± 0.23%
Grapes_untrained         : 85.46% ± 3.37%
Soil_vinyard_develop     : 99.74% ± 0.31%
Corn_senesced_green_weeds: 92.69% ± 4.65%
Lettuce_romaine_4wk      : 99.13% ± 0.69%
Lettuce_romaine_5wk      : 96.22% ± 2.98%
Lettuce_romaine_6wk      : 95.47% ± 3.42%
Lettuce_romaine_7wk      : 93.20% ± 6.68%
Vinyard_untrained        : 93.56% ± 3.94%
Vinyard_vertical_trellis : 96.24% ± 4.88%

--- 3. Best Seed Detailed Report (Highest OA run) ---
                           precision    recall  f1-score   support

    Brocoli_green_weeds_1     0.8590    0.9850    0.9177      2004
    Brocoli_green_weeds_2     0.9920    1.0000    0.9960      3721
                   Fallow     0.9975    0.9990    0.9982      1971
        Fallow_rough_plow     0.8958    0.9784    0.9353      1389
            Fallow_smooth     0.9877    0.9293    0.9576      2673
                  Stubble     0.9924    0.9947    0.9936      3954
                   Celery     0.9942    1.0000    0.9971      3574
         Grapes_untrained     0.9546    0.9214    0.9377     11266
     Soil_vinyard_develop     1.0000    0.9989    0.9994      6198
Corn_senesced_green_weeds     0.9654    0.8879    0.9250      3273
      Lettuce_romaine_4wk     0.9868    0.9868    0.9868      1063
      Lettuce_romaine_5wk     0.9994    0.9246    0.9605      1922
      Lettuce_romaine_6wk     0.8771    0.9791    0.9253       911
      Lettuce_romaine_7wk     0.7352    0.9878    0.8429      1065
        Vinyard_untrained     0.8989    0.9302    0.9143      7263
 Vinyard_vertical_trellis     1.0000    0.8629    0.9264      1802

                 accuracy                         0.9542     54049
                macro avg     0.9460    0.9604    0.9509     54049
             weighted avg     0.9572    0.9542    0.9546     54049


============================================================
🚀 LEADERBOARD (All Configs)
============================================================
Rank | Config                    | Mean OA    | Std Dev    | Cls Params(M)   | Runs (OA)
-----------------------------------------------------------------------------------------------
1    | t[134,180,220,260,280,300]_l[3] | 94.32%    | 0.77%    | 1.2156          | [93.9,95.3,93.2,93.7,93.7,94.6,93.5,94.6,95.2,95.4]
2    | t[200,220,240,260,300,329]_l[3] | 94.31%    | 0.59%    | 1.2156          | [93.4,95.0,93.7,94.0,94.0,94.3,93.9,94.6,94.8,95.4]
3    | t[160,200,220,260,280,329]_l[3] | 94.30%    | 0.64%    | 1.2156          | [93.8,95.1,93.4,94.4,94.1,94.1,93.4,94.3,94.8,95.5]
4    | t[134,180,200,240,260,329]_l[3] | 94.30%    | 0.66%    | 1.2156          | [94.0,95.4,93.7,93.5,93.9,94.5,93.5,94.5,94.7,95.3]
5    | t[134,160,180,280,300,329]_l[3] | 94.28%    | 0.61%    | 1.2156          | [93.4,95.1,93.8,94.2,94.0,94.2,93.5,94.6,94.6,95.4]
6    | t[134,180,200,240,260,300]_l[3] | 94.28%    | 0.77%    | 1.2156          | [93.8,95.3,93.1,94.0,93.6,94.1,93.7,94.8,94.7,95.6]
7    | t[134,200,220,260,280,329]_l[3] | 94.27%    | 0.58%    | 1.2156          | [93.5,94.9,93.7,94.0,93.9,93.9,94.1,94.6,94.6,95.5]
8    | t[134,160,180,200,220,260]_l[3] | 94.26%    | 0.70%    | 1.2156          | [93.9,94.7,93.7,93.2,94.0,94.3,93.7,94.6,95.0,95.7]
9    | t[134,160,180,220,260,280]_l[3] | 94.26%    | 0.63%    | 1.2156          | [94.2,94.7,93.7,93.2,93.8,94.9,93.8,94.8,94.4,95.3]
10   | t[134,200,220,240,280,329]_l[3] | 94.26%    | 0.84%    | 1.2156          | [93.6,95.1,92.7,93.8,93.6,94.6,93.9,94.7,94.9,95.7]
11   | t[134,160,220,280,300,329]_l[3] | 94.25%    | 0.80%    | 1.2156          | [93.7,95.4,93.4,93.1,93.7,94.6,93.7,94.8,94.5,95.6]
12   | t[160,180,200,220,240,300]_l[3] | 94.25%    | 0.78%    | 1.2156          | [93.9,95.3,94.1,92.9,94.0,94.3,93.2,94.7,94.5,95.5]
13   | t[134,220,240,280,300,329]_l[3] | 94.24%    | 0.78%    | 1.2156          | [93.2,95.1,93.6,93.1,94.0,94.2,94.1,94.6,95.2,95.4]
14   | t[160,180,200,220,240,329]_l[3] | 94.24%    | 0.74%    | 1.2156          | [93.4,95.3,93.8,93.3,94.0,94.1,93.5,94.7,94.8,95.4]
15   | t[134,200,220,280,300,329]_l[3] | 94.24%    | 0.76%    | 1.2156          | [93.4,95.2,93.6,93.3,94.1,94.2,93.9,94.6,94.4,95.8]
16   | t[200,220,260,280,300,329]_l[3] | 94.24%    | 0.94%    | 1.2156          | [93.2,95.3,93.7,92.3,94.4,94.5,94.0,94.9,94.9,95.4]
17   | t[134,160,200,220,240,260]_l[3] | 94.23%    | 0.65%    | 1.2156          | [93.9,95.0,93.4,93.8,93.5,94.0,93.7,94.8,94.9,95.3]
18   | t[134,160,200,220,280,329]_l[3] | 94.23%    | 0.59%    | 1.2156          | [94.0,95.0,93.9,93.3,93.7,94.6,93.9,94.3,94.4,95.4]
19   | t[180,220,260,280,300,329]_l[3] | 94.23%    | 0.91%    | 1.2156          | [93.8,95.6,93.1,92.7,94.0,94.0,93.8,94.6,95.0,95.5]
20   | t[134,200,240,260,280,329]_l[3] | 94.22%    | 0.83%    | 1.2156          | [93.6,95.2,93.3,93.4,94.0,93.9,93.4,94.8,95.0,95.6]
21   | t[160,200,220,240,280,329]_l[3] | 94.22%    | 0.77%    | 1.2156          | [93.1,95.1,93.5,93.6,93.9,94.4,93.7,94.5,94.7,95.8]
22   | t[134,220,240,260,280,329]_l[3] | 94.22%    | 0.71%    | 1.2156          | [93.3,95.0,93.3,93.9,93.8,93.9,93.9,94.6,94.8,95.6]
23   | t[160,180,200,220,260,280]_l[3] | 94.22%    | 0.74%    | 1.2156          | [93.3,95.3,93.2,93.7,94.2,94.4,93.6,94.6,94.3,95.4]
24   | t[160,220,240,260,280,329]_l[3] | 94.21%    | 0.71%    | 1.2156          | [93.6,94.8,93.5,93.7,93.9,94.2,93.3,94.3,95.3,95.5]
25   | t[134,160,180,200,220,240]_l[3] | 94.20%    | 0.66%    | 1.2156          | [93.5,94.7,94.0,93.1,94.0,94.4,93.8,94.6,94.3,95.6]
26   | t[134,160,200,220,240,329]_l[3] | 94.20%    | 0.79%    | 1.2156          | [93.3,95.3,93.5,93.0,93.9,94.2,94.2,94.7,94.2,95.6]
27   | t[134,180,200,220,240,300]_l[3] | 94.20%    | 0.69%    | 1.2156          | [93.4,94.8,93.8,93.5,93.8,94.1,93.7,94.7,94.5,95.7]
28   | t[134,220,240,260,300,329]_l[3] | 94.19%    | 0.73%    | 1.2156          | [93.3,95.1,93.6,93.1,94.1,93.9,94.0,94.6,94.9,95.4]
29   | t[180,200,220,260,280,300]_l[3] | 94.19%    | 0.91%    | 1.2156          | [93.4,95.3,92.9,92.9,94.0,94.3,93.8,94.6,94.9,95.7]
30   | t[134,160,180,240,280,300]_l[3] | 94.19%    | 0.80%    | 1.2156          | [93.5,95.3,93.0,93.4,93.9,94.3,93.7,94.7,94.7,95.5]
31   | t[134,180,200,220,240,260]_l[3] | 94.18%    | 0.64%    | 1.2156          | [93.5,94.7,93.8,93.4,93.8,94.1,94.0,94.8,94.3,95.6]
32   | t[134,180,200,220,260,300]_l[3] | 94.18%    | 0.65%    | 1.2156          | [94.1,94.7,93.7,93.2,93.6,94.6,93.6,94.5,94.4,95.5]
33   | t[134,180,220,240,260,329]_l[3] | 94.18%    | 0.82%    | 1.2156          | [93.8,95.4,92.6,93.3,94.2,94.4,94.1,94.3,94.3,95.5]
34   | t[134,180,200,240,260,280]_l[3] | 94.17%    | 0.79%    | 1.2156          | [93.2,95.3,93.8,93.1,93.8,94.5,93.8,94.7,94.1,95.6]
35   | t[134,160,180,240,280,329]_l[3] | 94.17%    | 0.83%    | 1.2156          | [93.5,95.3,93.1,93.6,93.5,94.7,93.3,94.6,94.7,95.5]
36   | t[134,160,180,200,220,300]_l[3] | 94.17%    | 0.76%    | 1.2156          | [93.7,95.2,93.5,93.5,93.6,94.2,93.4,94.6,94.5,95.7]
37   | t[134,160,180,200,260,300]_l[3] | 94.17%    | 0.94%    | 1.2156          | [93.4,95.5,93.0,92.7,94.0,94.3,94.2,94.7,94.1,95.8]
38   | t[134,180,260,280,300,329]_l[3] | 94.17%    | 0.76%    | 1.2156          | [93.4,95.2,93.7,92.9,94.0,94.6,93.4,94.5,94.8,95.1]
39   | t[134,160,180,200,220,329]_l[3] | 94.16%    | 0.75%    | 1.2156          | [93.5,94.8,93.9,93.0,94.0,94.5,93.4,94.7,94.2,95.7]
40   | t[200,220,240,260,280,300]_l[3] | 94.16%    | 0.89%    | 1.2156          | [93.0,95.1,93.4,92.9,93.5,94.2,94.1,94.8,95.1,95.6]
41   | t[134,160,180,200,280,329]_l[3] | 94.16%    | 0.74%    | 1.2156          | [93.6,94.8,93.3,92.9,93.8,94.4,94.0,94.8,94.4,95.5]
42   | t[134,180,220,240,280,300]_l[3] | 94.16%    | 0.79%    | 1.2156          | [93.1,95.1,94.0,93.1,94.0,94.4,93.1,94.5,94.8,95.5]
43   | t[180,200,240,280,300,329]_l[3] | 94.16%    | 0.82%    | 1.2156          | [92.9,95.3,93.8,93.3,94.1,94.0,93.3,94.7,94.9,95.4]
44   | t[160,180,220,260,280,329]_l[3] | 94.16%    | 0.70%    | 1.2156          | [93.4,95.2,93.5,93.4,93.9,94.5,93.5,94.4,94.4,95.4]
45   | t[160,180,200,260,280,329]_l[3] | 94.16%    | 0.66%    | 1.2156          | [93.2,95.0,93.5,93.7,93.6,94.3,93.9,94.6,94.6,95.3]
46   | t[134,180,200,220,260,280]_l[3] | 94.16%    | 0.71%    | 1.2156          | [93.5,94.9,93.8,92.7,93.9,94.4,94.1,94.5,94.5,95.3]
47   | t[134,180,200,260,280,300]_l[3] | 94.15%    | 0.91%    | 1.2156          | [93.2,95.3,92.9,92.9,93.8,94.3,94.2,94.8,94.4,95.7]
48   | t[134,180,220,240,280,329]_l[3] | 94.15%    | 0.92%    | 1.2156          | [93.4,95.2,92.5,93.5,93.9,95.0,93.5,94.1,94.9,95.5]
49   | t[180,200,260,280,300,329]_l[3] | 94.15%    | 0.87%    | 1.2156          | [92.9,95.4,93.8,92.7,94.3,94.3,93.6,94.6,94.6,95.4]
50   | t[134,160,180,240,260,280]_l[3] | 94.15%    | 0.77%    | 1.2156          | [93.3,95.2,93.9,93.0,94.0,94.3,93.4,94.6,94.3,95.5]
51   | t[180,200,220,280,300,329]_l[3] | 94.14%    | 0.88%    | 1.2156          | [93.0,95.3,93.6,92.6,94.1,94.7,93.6,94.4,94.8,95.3]
52   | t[160,180,220,260,280,300]_l[3] | 94.14%    | 0.86%    | 1.2156          | [93.4,95.2,92.4,93.8,93.7,94.6,93.9,94.5,94.6,95.3]
53   | t[134,160,240,280,300,329]_l[3] | 94.14%    | 0.81%    | 1.2156          | [93.3,95.3,93.7,92.8,93.7,94.4,93.7,94.7,94.4,95.4]
54   | t[134,160,200,220,280,300]_l[3] | 94.14%    | 0.74%    | 1.2156          | [93.6,94.8,93.0,93.3,93.6,94.6,93.8,94.6,94.7,95.4]
55   | t[180,200,220,260,300,329]_l[3] | 94.14%    | 0.84%    | 1.2156          | [93.0,95.2,94.2,92.7,93.9,94.3,93.8,94.7,94.1,95.6]
56   | t[200,220,240,280,300,329]_l[3] | 94.14%    | 0.84%    | 1.2156          | [93.1,95.0,93.8,92.6,94.2,94.3,93.6,94.7,94.7,95.4]
57   | t[180,200,220,240,280,329]_l[3] | 94.14%    | 0.96%    | 1.2156          | [93.1,95.2,92.6,92.9,94.2,94.4,94.4,94.3,94.6,95.8]
58   | t[134,180,220,280,300,329]_l[3] | 94.14%    | 0.83%    | 1.2156          | [93.7,95.1,93.2,92.6,94.1,94.5,93.8,94.3,94.6,95.5]
59   | t[160,180,200,220,280,329]_l[3] | 94.14%    | 0.70%    | 1.2156          | [93.7,95.2,93.8,93.1,93.5,94.4,93.7,94.3,94.4,95.3]
60   | t[134,160,200,260,280,300]_l[3] | 94.14%    | 0.75%    | 1.2156          | [93.8,95.0,92.7,93.3,93.8,94.2,94.1,94.5,94.7,95.3]
61   | t[134,160,200,220,240,300]_l[3] | 94.13%    | 0.68%    | 1.2156          | [93.8,94.6,93.8,93.1,93.9,94.3,93.2,94.8,94.4,95.5]
62   | t[134,200,220,240,280,300]_l[3] | 94.13%    | 0.80%    | 1.2156          | [93.5,95.1,92.9,93.1,93.7,94.2,94.4,94.1,94.8,95.5]
63   | t[160,180,200,220,240,280]_l[3] | 94.13%    | 0.77%    | 1.2156          | [93.4,95.0,93.0,93.0,94.2,94.3,93.9,94.6,94.4,95.5]
64   | t[160,180,200,280,300,329]_l[3] | 94.13%    | 0.88%    | 1.2156          | [92.8,95.4,93.9,92.9,94.0,94.4,93.4,94.6,94.8,95.2]
65   | t[134,180,200,260,280,329]_l[3] | 94.13%    | 0.80%    | 1.2156          | [93.8,94.9,92.7,93.1,93.9,94.2,93.8,94.5,94.7,95.6]
66   | t[160,200,260,280,300,329]_l[3] | 94.13%    | 0.84%    | 1.2156          | [93.3,94.9,93.4,92.7,94.1,94.0,93.6,95.1,94.6,95.5]
67   | t[160,180,200,260,300,329]_l[3] | 94.13%    | 0.94%    | 1.2156          | [92.5,95.2,93.3,93.2,94.1,94.5,93.5,94.8,94.9,95.5]
68   | t[134,160,180,200,240,329]_l[3] | 94.13%    | 0.80%    | 1.2156          | [93.4,94.9,93.3,93.0,93.9,94.2,93.8,94.7,94.3,95.8]
69   | t[180,200,220,260,280,329]_l[3] | 94.13%    | 0.72%    | 1.2156          | [93.1,94.9,93.3,93.4,94.0,94.3,93.6,94.7,94.5,95.4]
70   | t[134,160,200,220,240,280]_l[3] | 94.13%    | 0.79%    | 1.2156          | [93.3,94.6,93.4,93.1,93.6,94.1,94.0,94.9,94.6,95.7]
71   | t[134,180,200,220,280,329]_l[3] | 94.13%    | 0.83%    | 1.2156          | [93.4,94.7,93.6,92.5,93.6,94.6,93.9,94.4,95.0,95.5]
72   | t[134,160,180,220,280,300]_l[3] | 94.12%    | 0.73%    | 1.2156          | [93.8,94.9,93.0,93.2,93.6,94.5,93.8,94.5,94.7,95.3]
73   | t[180,200,220,240,260,329]_l[3] | 94.12%    | 0.81%    | 1.2156          | [93.0,95.4,93.1,93.5,93.9,94.0,93.7,94.6,94.5,95.4]
74   | t[134,180,200,220,300,329]_l[3] | 94.12%    | 0.92%    | 1.2156          | [93.2,95.1,93.5,92.5,93.7,94.9,93.6,94.4,94.7,95.6]
75   | t[134,180,200,220,240,280]_l[3] | 94.12%    | 0.78%    | 1.2156          | [93.5,94.6,93.2,92.8,93.9,94.6,93.8,94.7,94.5,95.5]
76   | t[160,180,200,220,260,300]_l[3] | 94.12%    | 0.79%    | 1.2156          | [92.9,94.9,93.4,93.0,94.2,94.4,93.9,94.5,94.4,95.6]
77   | t[134,160,200,220,260,329]_l[3] | 94.12%    | 0.72%    | 1.2156          | [93.3,95.0,93.5,93.2,93.7,94.3,93.9,94.8,94.1,95.4]
78   | t[160,200,220,260,280,300]_l[3] | 94.11%    | 0.66%    | 1.2156          | [93.6,95.2,93.5,93.5,93.6,94.3,93.3,94.5,94.5,95.1]
79   | t[160,200,220,280,300,329]_l[3] | 94.11%    | 0.94%    | 1.2156          | [92.4,95.1,93.2,93.1,94.0,94.9,93.5,94.6,94.8,95.3]
80   | t[134,160,180,200,240,260]_l[3] | 94.11%    | 0.75%    | 1.2156          | [93.0,94.8,93.6,93.6,93.8,93.9,93.6,94.9,94.4,95.6]
81   | t[134,160,200,240,280,329]_l[3] | 94.11%    | 0.76%    | 1.2156          | [93.4,95.1,93.2,92.9,94.0,94.3,93.8,94.6,94.4,95.4]
82   | t[134,220,240,260,280,300]_l[3] | 94.11%    | 0.86%    | 1.2156          | [93.5,94.9,93.0,92.8,93.6,94.1,94.2,94.8,94.6,95.7]
83   | t[134,180,200,280,300,329]_l[3] | 94.11%    | 0.81%    | 1.2156          | [92.6,95.3,93.5,93.4,94.1,94.1,93.7,94.4,94.7,95.2]
84   | t[160,180,200,220,240,260]_l[3] | 94.11%    | 0.81%    | 1.2156          | [93.2,94.8,92.9,93.3,94.0,94.1,93.7,95.1,94.6,95.4]
85   | t[134,160,180,200,220,280]_l[3] | 94.11%    | 0.90%    | 1.2156          | [93.3,94.7,93.9,92.4,93.8,94.1,93.7,94.6,94.9,95.9]
86   | t[134,160,220,260,280,329]_l[3] | 94.11%    | 0.78%    | 1.2156          | [93.3,95.3,93.6,93.2,93.5,94.3,93.6,94.5,94.2,95.6]
87   | t[160,200,240,260,280,329]_l[3] | 94.10%    | 0.74%    | 1.2156          | [93.6,94.6,92.8,93.5,94.1,94.2,93.3,94.7,94.9,95.3]
88   | t[160,180,200,220,280,300]_l[3] | 94.10%    | 0.81%    | 1.2156          | [93.3,95.2,93.2,92.7,93.8,94.3,94.0,94.8,94.4,95.3]
89   | t[134,160,180,260,300,329]_l[3] | 94.10%    | 0.86%    | 1.2156          | [93.1,95.2,93.2,92.7,94.0,94.4,93.9,94.6,94.3,95.6]
90   | t[134,160,200,240,280,300]_l[3] | 94.10%    | 0.80%    | 1.2156          | [93.2,95.1,93.5,93.3,93.5,94.5,93.2,94.6,94.9,95.3]
91   | t[134,160,180,220,260,300]_l[3] | 94.10%    | 0.89%    | 1.2156          | [93.9,95.2,92.8,92.8,93.9,94.4,93.4,94.5,94.6,95.6]
92   | t[134,160,180,200,280,300]_l[3] | 94.10%    | 0.85%    | 1.2156          | [93.4,95.1,93.2,92.8,93.7,94.4,93.5,94.6,94.6,95.6]
93   | t[134,160,180,200,260,329]_l[3] | 94.10%    | 0.87%    | 1.2156          | [93.6,94.9,93.2,92.5,93.9,94.2,93.8,95.0,94.3,95.5]
94   | t[134,160,180,200,240,300]_l[3] | 94.10%    | 0.95%    | 1.2156          | [93.6,95.1,92.4,92.9,94.1,94.5,93.7,94.4,94.6,95.7]
95   | t[180,200,240,260,280,329]_l[3] | 94.10%    | 0.76%    | 1.2156          | [93.1,94.9,93.0,93.4,94.1,94.0,93.8,94.8,94.2,95.5]
96   | t[134,160,220,260,280,300]_l[3] | 94.10%    | 0.85%    | 1.2156          | [94.0,95.2,92.6,93.1,93.7,94.3,93.7,94.3,94.6,95.5]
97   | t[180,200,220,240,300,329]_l[3] | 94.09%    | 0.93%    | 1.2156          | [92.9,95.3,93.1,92.8,94.0,94.4,93.8,94.3,94.8,95.6]
98   | t[134,160,180,220,280,329]_l[3] | 94.09%    | 0.90%    | 1.2156          | [93.8,95.1,92.8,92.4,93.6,94.3,93.9,94.7,94.7,95.4]
99   | t[134,180,240,260,280,329]_l[3] | 94.09%    | 0.87%    | 1.2156          | [93.2,95.1,92.8,93.3,93.9,94.5,93.4,94.5,94.6,95.6]
100  | t[134,200,220,240,260,280]_l[3] | 94.09%    | 0.80%    | 1.2156          | [93.4,95.1,92.9,93.5,93.7,94.4,93.5,94.8,94.1,95.6]
101  | t[220,240,260,280,300,329]_l[3] | 94.09%    | 0.84%    | 1.2156          | [93.5,95.3,94.1,92.3,93.8,93.9,93.7,94.5,94.4,95.2]
102  | t[180,220,240,280,300,329]_l[3] | 94.09%    | 0.84%    | 1.2156          | [93.0,95.1,93.8,92.9,93.9,94.0,93.3,94.8,94.7,95.4]
103  | t[160,180,220,240,300,329]_l[3] | 94.09%    | 0.80%    | 1.2156          | [93.2,95.1,92.7,93.5,93.7,94.3,93.8,94.5,94.7,95.4]
104  | t[134,180,240,280,300,329]_l[3] | 94.09%    | 0.77%    | 1.2156          | [92.8,95.0,93.6,93.2,94.2,94.0,93.5,94.7,94.7,95.3]
105  | t[134,160,180,240,300,329]_l[3] | 94.09%    | 0.91%    | 1.2156          | [93.4,95.1,92.8,92.8,94.0,94.4,93.6,94.5,94.5,95.8]
106  | t[134,180,200,220,280,300]_l[3] | 94.09%    | 0.95%    | 1.2156          | [93.4,95.2,93.2,93.0,93.8,94.2,92.8,94.5,95.2,95.5]
107  | t[134,160,180,200,240,280]_l[3] | 94.08%    | 0.86%    | 1.2156          | [93.3,95.2,92.8,93.6,94.0,93.7,93.5,94.6,94.3,95.8]
108  | t[134,160,260,280,300,329]_l[3] | 94.08%    | 0.79%    | 1.2156          | [93.3,95.1,93.9,92.4,94.3,94.0,93.7,94.5,94.5,95.2]
109  | t[160,200,220,240,260,329]_l[3] | 94.08%    | 0.76%    | 1.2156          | [93.0,95.4,93.4,93.3,93.8,93.9,93.8,94.3,94.5,95.3]
110  | t[134,180,200,240,280,300]_l[3] | 94.08%    | 0.86%    | 1.2156          | [93.0,95.0,93.2,93.4,93.6,94.2,93.3,94.7,94.8,95.5]
111  | t[134,160,200,240,300,329]_l[3] | 94.08%    | 0.79%    | 1.2156          | [93.1,95.2,93.2,93.1,94.2,94.5,93.7,94.2,94.1,95.5]
112  | t[134,200,240,260,300,329]_l[3] | 94.08%    | 0.93%    | 1.2156          | [92.9,95.1,93.2,92.6,94.1,94.0,93.8,94.7,95.0,95.4]
113  | t[160,180,200,220,300,329]_l[3] | 94.08%    | 0.84%    | 1.2156          | [93.2,94.9,93.8,92.6,93.9,94.7,93.5,94.4,94.2,95.6]
114  | t[180,200,220,240,260,280]_l[3] | 94.08%    | 0.88%    | 1.2156          | [93.1,95.2,92.9,93.0,93.8,94.3,93.8,94.5,94.7,95.5]
115  | t[134,180,200,220,240,329]_l[3] | 94.08%    | 0.83%    | 1.2156          | [93.5,95.0,93.8,92.4,93.6,94.3,93.6,94.5,94.5,95.5]
116  | t[134,200,220,260,300,329]_l[3] | 94.08%    | 0.84%    | 1.2156          | [92.7,95.2,93.9,92.8,93.8,94.1,94.0,94.5,94.3,95.5]
117  | t[180,200,220,240,280,300]_l[3] | 94.08%    | 0.92%    | 1.2156          | [93.4,95.2,93.0,92.5,94.0,94.2,93.9,94.4,94.5,95.7]
118  | t[134,160,200,240,260,300]_l[3] | 94.08%    | 0.77%    | 1.2156          | [93.1,95.1,93.6,93.1,93.6,94.2,93.4,94.6,94.7,95.3]
119  | t[180,220,240,260,280,300]_l[3] | 94.07%    | 0.87%    | 1.2156          | [92.3,94.9,93.4,93.3,94.1,94.0,94.0,94.7,94.4,95.6]
120  | t[160,180,220,240,260,280]_l[3] | 94.07%    | 0.76%    | 1.2156          | [93.0,95.1,93.7,93.0,93.9,94.5,93.5,94.3,94.4,95.4]
121  | t[160,180,240,260,280,300]_l[3] | 94.07%    | 0.95%    | 1.2156          | [93.0,95.5,92.5,93.8,93.4,94.0,93.7,94.5,95.1,95.3]
122  | t[134,160,180,260,280,329]_l[3] | 94.07%    | 0.73%    | 1.2156          | [93.8,94.7,92.6,93.6,93.5,94.3,93.9,94.2,94.6,95.4]
123  | t[160,200,220,240,300,329]_l[3] | 94.07%    | 0.84%    | 1.2156          | [92.8,95.2,93.0,93.6,94.0,94.2,93.4,94.6,94.4,95.5]
124  | t[134,160,240,260,280,300]_l[3] | 94.07%    | 0.76%    | 1.2156          | [93.7,94.9,93.1,93.4,93.2,94.1,93.7,94.7,94.5,95.4]
125  | t[134,180,240,260,280,300]_l[3] | 94.07%    | 0.98%    | 1.2156          | [93.3,95.2,92.2,93.4,93.5,94.2,93.6,94.8,95.0,95.6]
126  | t[134,180,240,260,300,329]_l[3] | 94.06%    | 0.95%    | 1.2156          | [92.7,95.0,93.8,92.6,94.5,94.1,93.1,94.8,94.6,95.5]
127  | t[134,200,260,280,300,329]_l[3] | 94.06%    | 0.89%    | 1.2156          | [93.4,94.9,93.3,92.4,94.2,94.2,93.3,95.0,94.6,95.4]
128  | t[134,160,200,240,260,280]_l[3] | 94.06%    | 0.88%    | 1.2156          | [93.3,95.0,92.7,93.3,93.7,94.3,93.5,94.9,94.4,95.6]
129  | t[134,180,200,240,280,329]_l[3] | 94.06%    | 0.82%    | 1.2156          | [93.1,95.2,92.9,93.0,93.9,94.1,93.7,94.6,94.7,95.3]
130  | t[134,160,200,220,260,300]_l[3] | 94.06%    | 0.67%    | 1.2156          | [93.7,95.0,93.4,92.9,94.0,94.1,93.8,94.5,94.1,95.2]
131  | t[160,180,200,260,280,300]_l[3] | 94.06%    | 1.06%    | 1.2156          | [93.5,95.5,92.2,92.5,94.1,94.2,93.7,94.8,94.7,95.4]
132  | t[180,220,240,260,300,329]_l[3] | 94.06%    | 0.85%    | 1.2156          | [93.3,95.1,93.1,92.6,94.2,94.0,93.7,94.3,94.8,95.4]
133  | t[160,180,220,240,260,329]_l[3] | 94.06%    | 0.73%    | 1.2156          | [93.4,95.1,93.4,93.2,93.8,94.2,93.3,94.5,94.3,95.4]
134  | t[134,180,220,240,260,300]_l[3] | 94.06%    | 0.79%    | 1.2156          | [93.3,94.9,92.8,93.3,93.8,94.5,93.7,94.7,94.1,95.5]
135  | t[134,160,180,220,240,280]_l[3] | 94.06%    | 0.75%    | 1.2156          | [93.4,94.7,93.0,93.2,93.8,94.2,93.6,94.6,94.4,95.5]
136  | t[160,180,200,240,280,300]_l[3] | 94.06%    | 0.96%    | 1.2156          | [93.0,95.6,92.8,93.5,93.7,94.0,93.2,94.7,94.7,95.5]
137  | t[180,240,260,280,300,329]_l[3] | 94.05%    | 0.85%    | 1.2156          | [93.1,95.6,93.5,92.7,94.1,94.0,93.6,94.7,94.3,95.1]
138  | t[134,180,200,260,300,329]_l[3] | 94.05%    | 0.97%    | 1.2156          | [92.8,95.3,92.9,92.7,94.4,94.3,93.8,94.1,94.6,95.6]
139  | t[134,180,200,220,260,329]_l[3] | 94.05%    | 0.86%    | 1.2156          | [93.9,95.0,93.1,92.3,93.8,94.0,93.8,94.5,94.8,95.3]
140  | t[200,220,240,260,280,329]_l[3] | 94.04%    | 0.83%    | 1.2156          | [93.3,95.0,93.1,92.9,93.8,93.9,93.6,94.7,94.6,95.5]
141  | t[134,160,200,220,300,329]_l[3] | 94.04%    | 0.92%    | 1.2156          | [92.8,94.9,94.1,92.3,94.0,94.3,93.6,94.6,94.4,95.5]
142  | t[160,200,220,260,300,329]_l[3] | 94.04%    | 0.85%    | 1.2156          | [93.1,95.1,92.9,93.0,94.0,93.9,93.7,94.5,94.7,95.4]
143  | t[134,160,180,220,260,329]_l[3] | 94.04%    | 0.93%    | 1.2156          | [93.8,95.0,92.7,92.4,93.9,94.3,93.6,94.6,94.6,95.5]
144  | t[160,180,200,240,260,329]_l[3] | 94.04%    | 0.74%    | 1.2156          | [93.3,95.1,93.2,93.1,93.9,94.3,93.7,94.7,93.8,95.3]
145  | t[160,180,240,280,300,329]_l[3] | 94.04%    | 0.86%    | 1.2156          | [92.8,95.1,93.5,93.2,93.9,94.1,93.1,95.0,94.3,95.4]
146  | t[180,200,240,260,300,329]_l[3] | 94.04%    | 1.01%    | 1.2156          | [92.6,95.1,93.5,92.2,94.5,94.1,93.7,94.6,94.8,95.4]
147  | t[134,160,180,220,240,300]_l[3] | 94.04%    | 1.00%    | 1.2156          | [93.6,94.7,92.5,92.6,93.8,94.0,93.8,94.6,94.9,95.9]
148  | t[134,220,260,280,300,329]_l[3] | 94.04%    | 0.87%    | 1.2156          | [93.1,95.1,93.1,92.5,94.1,94.0,93.8,94.5,94.8,95.3]
149  | t[180,200,220,240,260,300]_l[3] | 94.03%    | 0.87%    | 1.2156          | [93.1,95.0,92.8,93.2,93.7,94.4,93.3,94.5,94.7,95.5]
150  | t[134,180,220,260,300,329]_l[3] | 94.03%    | 0.84%    | 1.2156          | [93.2,95.0,93.2,92.7,94.0,93.9,93.8,94.2,95.0,95.4]
151  | t[134,160,180,220,240,260]_l[3] | 94.03%    | 0.80%    | 1.2156          | [93.2,94.6,93.4,93.3,94.0,94.2,93.0,94.7,94.1,95.8]
152  | t[134,240,260,280,300,329]_l[3] | 94.03%    | 0.91%    | 1.2156          | [93.1,95.3,93.0,92.7,93.9,93.5,94.0,94.7,94.8,95.3]
153  | t[160,180,240,260,300,329]_l[3] | 94.03%    | 0.99%    | 1.2156          | [93.1,95.3,92.4,92.9,93.7,94.3,93.5,94.7,95.0,95.4]
154  | t[160,220,240,260,280,300]_l[3] | 94.03%    | 0.90%    | 1.2156          | [93.3,95.2,92.8,92.9,93.8,94.0,93.4,94.7,95.0,95.3]
155  | t[134,160,200,220,260,280]_l[3] | 94.03%    | 0.75%    | 1.2156          | [93.3,95.0,93.6,92.8,93.6,94.6,93.7,94.5,94.0,95.3]
156  | t[134,200,220,260,280,300]_l[3] | 94.03%    | 0.86%    | 1.2156          | [93.5,95.1,92.3,93.3,93.8,94.2,93.8,94.5,94.5,95.3]
157  | t[134,160,180,260,280,300]_l[3] | 94.03%    | 0.87%    | 1.2156          | [93.6,95.3,92.8,92.9,93.6,94.0,93.6,94.3,94.7,95.5]
158  | t[180,200,240,260,280,300]_l[3] | 94.02%    | 0.80%    | 1.2156          | [93.3,95.0,92.9,93.0,94.0,94.1,93.6,94.6,94.5,95.4]
159  | t[134,180,220,240,260,280]_l[3] | 94.02%    | 0.85%    | 1.2156          | [93.2,95.0,92.3,93.3,93.9,94.2,93.8,94.5,94.6,95.3]
160  | t[134,200,240,280,300,329]_l[3] | 94.02%    | 0.95%    | 1.2156          | [93.3,95.2,92.8,92.5,94.1,94.3,93.2,94.8,94.9,95.2]
161  | t[160,180,200,240,260,280]_l[3] | 94.01%    | 0.78%    | 1.2156          | [93.0,95.0,93.5,92.8,93.7,94.0,93.9,94.3,94.5,95.4]
162  | t[160,180,220,280,300,329]_l[3] | 94.01%    | 0.81%    | 1.2156          | [93.4,95.0,93.0,92.8,94.0,94.3,93.3,94.4,94.5,95.3]
163  | t[134,160,200,280,300,329]_l[3] | 94.01%    | 0.94%    | 1.2156          | [93.6,95.3,93.0,91.9,94.2,94.2,93.9,94.4,94.4,95.1]
164  | t[160,180,200,240,260,300]_l[3] | 94.01%    | 0.83%    | 1.2156          | [93.1,95.2,92.7,93.2,94.3,93.9,93.7,94.3,94.3,95.4]
165  | t[134,180,200,240,300,329]_l[3] | 94.01%    | 0.99%    | 1.2156          | [92.8,95.1,93.7,92.1,94.1,94.3,93.6,94.2,94.6,95.6]
166  | t[160,200,220,240,260,280]_l[3] | 94.00%    | 1.00%    | 1.2156          | [92.1,95.1,92.8,93.6,94.0,94.3,93.3,95.0,94.5,95.4]
167  | t[160,180,220,240,280,329]_l[3] | 94.00%    | 0.80%    | 1.2156          | [93.5,94.9,92.6,93.3,93.8,94.3,93.3,94.4,94.4,95.5]
168  | t[134,160,200,260,300,329]_l[3] | 94.00%    | 0.88%    | 1.2156          | [93.6,95.2,92.8,92.5,94.4,94.0,93.7,94.2,94.2,95.5]
169  | t[134,160,180,200,300,329]_l[3] | 93.99%    | 0.95%    | 1.2156          | [93.4,95.2,93.0,92.2,93.8,94.3,93.8,94.6,94.0,95.5]
170  | t[134,200,220,240,300,329]_l[3] | 93.99%    | 1.05%    | 1.2156          | [92.7,95.3,92.2,92.8,94.0,94.4,93.8,94.6,94.6,95.6]
171  | t[134,200,240,260,280,300]_l[3] | 93.99%    | 0.93%    | 1.2156          | [93.2,95.1,92.4,92.8,93.9,93.7,93.9,94.7,94.8,95.3]
172  | t[160,200,240,280,300,329]_l[3] | 93.99%    | 0.91%    | 1.2156          | [93.0,94.9,92.9,92.9,93.8,93.9,93.4,94.6,94.9,95.5]
173  | t[134,180,220,260,280,329]_l[3] | 93.98%    | 0.92%    | 1.2156          | [92.4,94.9,92.7,93.4,94.0,94.3,93.7,94.4,94.6,95.6]
174  | t[160,200,220,240,260,300]_l[3] | 93.98%    | 0.85%    | 1.2156          | [93.1,94.8,93.0,93.2,93.8,93.9,93.0,94.7,94.8,95.3]
175  | t[134,160,220,260,300,329]_l[3] | 93.98%    | 0.81%    | 1.2156          | [93.0,95.0,93.0,93.3,93.4,94.2,93.8,94.2,94.4,95.5]
176  | t[160,200,220,240,280,300]_l[3] | 93.98%    | 0.91%    | 1.2156          | [93.3,95.3,92.7,93.0,93.6,93.9,93.4,94.4,94.8,95.4]
177  | t[160,180,200,240,280,329]_l[3] | 93.98%    | 1.02%    | 1.2156          | [93.0,95.4,93.1,92.2,93.6,94.4,93.5,94.8,94.3,95.4]
178  | t[134,160,240,260,300,329]_l[3] | 93.97%    | 0.75%    | 1.2156          | [93.6,94.7,93.5,92.5,93.8,93.9,93.4,94.4,94.6,95.3]
179  | t[180,220,240,260,280,329]_l[3] | 93.97%    | 1.18%    | 1.2156          | [92.6,95.6,92.3,92.3,94.2,94.0,93.7,94.8,94.7,95.6]
180  | t[134,160,220,240,280,300]_l[3] | 93.97%    | 0.78%    | 1.2156          | [93.3,95.0,93.4,92.5,93.7,94.0,93.9,94.4,94.2,95.2]
181  | t[160,180,240,260,280,329]_l[3] | 93.97%    | 0.97%    | 1.2156          | [92.7,95.1,92.3,93.7,93.6,94.3,93.3,94.7,94.5,95.4]
182  | t[134,160,180,200,260,280]_l[3] | 93.97%    | 0.89%    | 1.2156          | [93.0,94.9,93.1,92.3,94.1,94.3,93.8,94.4,94.3,95.4]
183  | t[160,180,260,280,300,329]_l[3] | 93.97%    | 0.90%    | 1.2156          | [92.7,95.4,93.1,92.6,94.2,94.2,93.5,94.7,94.4,94.9]
184  | t[160,180,200,240,300,329]_l[3] | 93.97%    | 0.92%    | 1.2156          | [93.0,95.2,93.0,92.5,94.1,94.4,93.4,94.4,94.4,95.4]
185  | t[134,160,220,240,260,329]_l[3] | 93.96%    | 0.90%    | 1.2156          | [93.2,95.2,92.3,93.2,94.0,93.7,93.7,94.5,94.3,95.5]
186  | t[134,160,180,240,260,329]_l[3] | 93.96%    | 0.95%    | 1.2156          | [93.8,95.2,92.7,92.6,93.7,93.7,93.4,94.8,94.2,95.5]
187  | t[160,220,260,280,300,329]_l[3] | 93.96%    | 1.13%    | 1.2156          | [93.1,95.4,92.7,91.9,94.0,94.2,93.3,94.8,94.8,95.4]
188  | t[134,160,220,240,280,329]_l[3] | 93.96%    | 0.91%    | 1.2156          | [93.1,94.4,92.0,93.6,93.9,94.5,93.5,94.6,94.5,95.5]
189  | t[134,160,200,260,280,329]_l[3] | 93.95%    | 0.89%    | 1.2156          | [93.4,95.0,92.5,92.8,93.4,94.2,93.9,94.4,94.5,95.4]
190  | t[134,180,220,240,300,329]_l[3] | 93.95%    | 0.80%    | 1.2156          | [93.6,94.9,92.9,92.5,94.0,93.9,93.6,94.5,94.4,95.2]
191  | t[160,200,240,260,280,300]_l[3] | 93.95%    | 0.98%    | 1.2156          | [93.5,95.1,92.1,93.1,93.7,93.9,93.3,94.6,94.6,95.5]
192  | t[200,240,260,280,300,329]_l[3] | 93.95%    | 1.08%    | 1.2156          | [92.6,95.6,93.0,92.1,94.3,93.7,93.5,94.9,94.5,95.2]
193  | t[134,200,220,240,260,329]_l[3] | 93.95%    | 0.86%    | 1.2156          | [93.1,95.0,92.5,93.4,93.8,93.9,93.5,94.6,94.2,95.5]
194  | t[160,180,200,220,260,329]_l[3] | 93.95%    | 0.75%    | 1.2156          | [93.2,94.8,93.1,92.9,93.7,94.1,93.7,94.3,94.4,95.3]
195  | t[134,160,180,220,300,329]_l[3] | 93.95%    | 0.87%    | 1.2156          | [93.3,95.1,92.9,92.7,93.7,93.9,93.7,94.3,94.3,95.5]
196  | t[160,220,240,260,300,329]_l[3] | 93.95%    | 0.86%    | 1.2156          | [92.9,95.0,92.4,92.9,94.2,94.3,93.8,94.5,94.5,95.0]
197  | t[134,160,200,240,260,329]_l[3] | 93.94%    | 0.85%    | 1.2156          | [93.0,95.0,93.0,92.8,94.0,93.9,93.7,94.6,94.0,95.5]
198  | t[160,220,240,280,300,329]_l[3] | 93.94%    | 0.85%    | 1.2156          | [92.9,94.9,92.6,92.9,94.2,94.1,93.5,94.7,94.6,95.0]
199  | t[134,160,220,240,300,329]_l[3] | 93.93%    | 0.91%    | 1.2156          | [93.4,94.7,92.5,92.5,93.8,93.9,94.1,94.5,94.2,95.6]
200  | t[134,160,220,240,260,280]_l[3] | 93.93%    | 0.90%    | 1.2156          | [93.8,94.8,91.9,92.9,93.9,94.1,93.8,94.6,94.3,95.2]
201  | t[134,160,180,240,260,300]_l[3] | 93.93%    | 0.93%    | 1.2156          | [93.0,95.1,92.5,93.0,93.6,94.3,93.4,94.3,94.5,95.5]
202  | t[134,200,220,240,260,300]_l[3] | 93.92%    | 0.97%    | 1.2156          | [93.6,95.1,92.2,93.0,93.8,94.1,92.9,94.2,94.8,95.4]
203  | t[134,160,180,220,240,329]_l[3] | 93.91%    | 0.94%    | 1.2156          | [93.6,94.7,92.3,92.6,93.8,93.6,93.9,94.3,94.6,95.7]
204  | t[134,160,240,260,280,329]_l[3] | 93.90%    | 0.99%    | 1.2156          | [93.7,95.0,91.9,93.0,93.7,93.8,93.2,94.7,94.5,95.5]
205  | t[160,180,220,240,260,300]_l[3] | 93.89%    | 0.97%    | 1.2156          | [92.9,95.2,92.4,93.0,93.8,94.1,93.1,94.3,94.7,95.4]
206  | t[134,160,220,240,260,300]_l[3] | 93.89%    | 0.89%    | 1.2156          | [93.4,94.7,92.1,93.4,93.5,93.6,93.5,94.7,94.5,95.4]
207  | t[160,200,240,260,300,329]_l[3] | 93.89%    | 0.99%    | 1.2156          | [93.0,94.9,92.4,92.8,93.8,93.8,93.5,94.4,94.6,95.8]
208  | t[160,240,260,280,300,329]_l[3] | 93.88%    | 1.05%    | 1.2156          | [92.6,95.2,92.7,92.1,94.1,94.0,93.5,94.9,94.6,95.0]
209  | t[160,180,220,260,300,329]_l[3] | 93.88%    | 0.84%    | 1.2156          | [92.7,95.1,93.1,92.7,93.6,94.1,93.8,94.4,94.3,95.1]
210  | t[160,180,220,240,280,300]_l[3] | 93.86%    | 0.91%    | 1.2156          | [92.8,95.0,92.7,92.8,93.7,94.3,93.2,94.2,94.4,95.4]
