============================================================
🏆 WINNER CONFIGURATION: t[174,189,219,234,249]_l[3]
============================================================

--- 0. Hardware & Performance Metrics ---
[Parameters]
  - VAE Parameters         : 1.35 M
  - DiT Parameters         : 16.70 M
  - Classifier Parameters  : 1.0190 M
[FLOPs (单次前向传播)]
  - VAE FLOPs              : 514,064,384.0 (0.51G)
  - DiT FLOPs              : 698,548,224.0 (0.70G)
[Time]
  - Feature Extract Time   : 38.70 Seconds
  - DiT Inference Time     : 27.9569 Seconds (Total), 8.26 ms (Avg per call)
  - Classifier Inference   : 3.13 ms (Avg per Test Set)
[GPU Memory]
  - Peak VRAM (Extraction) : 327.01 MB
  - Peak VRAM (Train/Test) : 1020.10 MB

--- 1. Overall Metrics (Mean ± Std over 10 seeds) ---
OA:    93.5488% ± 1.1805%
AA:    95.6574% ± 1.2253%
Kappa: 0.9284  ± 0.0131

--- 2. Per-Class Accuracy (Mean ± Std) ---
Brocoli_green_weeds_1    : 98.92% ± 1.08%
Brocoli_green_weeds_2    : 99.55% ± 0.90%
Fallow                   : 98.40% ± 4.04%
Fallow_rough_plow        : 97.91% ± 2.50%
Fallow_smooth            : 92.83% ± 4.99%
Stubble                  : 97.64% ± 2.46%
Celery                   : 99.47% ± 0.73%
Grapes_untrained         : 83.71% ± 4.45%
Soil_vinyard_develop     : 99.63% ± 0.43%
Corn_senesced_green_weeds: 91.59% ± 7.36%
Lettuce_romaine_4wk      : 99.41% ± 0.82%
Lettuce_romaine_5wk      : 93.64% ± 5.54%
Lettuce_romaine_6wk      : 95.59% ± 2.90%
Lettuce_romaine_7wk      : 94.48% ± 6.27%
Vinyard_untrained        : 90.81% ± 4.75%
Vinyard_vertical_trellis : 96.94% ± 4.70%

--- 3. Best Seed Detailed Report (Highest OA run) ---
                           precision    recall  f1-score   support

    Brocoli_green_weeds_1     0.9950    0.9840    0.9895      2004
    Brocoli_green_weeds_2     0.9915    1.0000    0.9957      3721
                   Fallow     0.9840    1.0000    0.9919      1971
        Fallow_rough_plow     0.9649    0.9496    0.9572      1389
            Fallow_smooth     0.9718    0.9925    0.9820      2673
                  Stubble     0.9997    0.9573    0.9780      3954
                   Celery     0.9570    0.9768    0.9668      3574
         Grapes_untrained     0.9289    0.8795    0.9035     11266
     Soil_vinyard_develop     1.0000    0.9932    0.9966      6198
Corn_senesced_green_weeds     0.9894    0.9945    0.9919      3273
      Lettuce_romaine_4wk     0.9779    0.9991    0.9884      1063
      Lettuce_romaine_5wk     0.9979    0.9729    0.9852      1922
      Lettuce_romaine_6wk     0.9349    0.9769    0.9554       911
      Lettuce_romaine_7wk     0.9951    0.9531    0.9736      1065
        Vinyard_untrained     0.8364    0.8949    0.8647      7263
 Vinyard_vertical_trellis     0.9175    0.9994    0.9567      1802

                 accuracy                         0.9504     54049
                macro avg     0.9651    0.9702    0.9673     54049
             weighted avg     0.9516    0.9504    0.9506     54049


============================================================
🚀 LEADERBOARD (All Configs)
============================================================
Rank | Config                    | Mean OA    | Std Dev    | Cls Params(M)   | Runs (OA)
-----------------------------------------------------------------------------------------------
1    | t[174,189,219,234,249]_l[3] | 93.55%    | 1.18%    | 1.0190          | [93.5,94.9,91.9,93.7,91.8,95.0,94.0,92.2,93.6,94.9]
2    | t[159,174,189,204,219]_l[3] | 93.51%    | 1.19%    | 1.0190          | [93.4,95.0,91.8,93.9,92.2,94.7,93.5,91.7,94.0,94.9]
3    | t[159,174,189,204,234]_l[3] | 93.49%    | 1.31%    | 1.0190          | [93.2,95.1,91.5,93.9,92.8,94.9,94.1,91.1,93.6,94.7]
4    | t[159,174,189,204,249]_l[3] | 93.49%    | 1.21%    | 1.0190          | [93.3,94.9,91.4,94.0,92.2,94.5,93.9,91.8,93.9,94.9]
5    | t[159,174,219,234,249]_l[3] | 93.49%    | 1.29%    | 1.0190          | [92.8,95.1,92.0,93.4,92.4,95.2,94.3,91.4,93.4,94.9]
6    | t[159,189,204,219,234]_l[3] | 93.48%    | 1.15%    | 1.0190          | [93.4,95.0,92.1,93.5,91.9,94.9,94.2,91.9,93.4,94.6]
7    | t[174,189,204,219,258]_l[3] | 93.47%    | 1.04%    | 1.0190          | [93.7,94.8,92.0,93.4,92.0,94.6,94.1,92.3,93.2,94.6]
8    | t[159,204,234,249,258]_l[3] | 93.47%    | 1.32%    | 1.0190          | [92.9,95.6,91.5,93.4,92.3,95.1,93.6,91.9,93.7,94.8]
9    | t[159,219,234,249,258]_l[3] | 93.46%    | 1.40%    | 1.0190          | [93.1,95.0,91.8,93.6,92.1,95.5,94.2,91.3,93.1,95.0]
10   | t[174,189,204,249,258]_l[3] | 93.46%    | 1.11%    | 1.0190          | [93.8,94.9,91.9,93.5,92.2,94.6,93.9,91.7,93.5,94.7]
11   | t[159,174,204,219,234]_l[3] | 93.46%    | 1.26%    | 1.0190          | [92.8,95.0,91.8,94.3,91.8,94.7,94.1,91.7,93.5,94.8]
12   | t[159,189,219,234,258]_l[3] | 93.46%    | 1.46%    | 1.0190          | [92.8,95.3,91.4,93.1,91.7,95.2,94.0,91.8,94.0,95.3]
13   | t[174,189,204,234,258]_l[3] | 93.45%    | 1.08%    | 1.0190          | [93.8,95.0,91.8,93.4,92.3,94.7,93.4,92.1,93.2,94.7]
14   | t[159,174,189,204,258]_l[3] | 93.45%    | 1.22%    | 1.0190          | [92.9,95.2,91.8,93.6,92.5,94.5,93.8,91.3,94.2,94.7]
15   | t[159,189,204,219,258]_l[3] | 93.44%    | 1.19%    | 1.0190          | [93.8,95.0,91.3,93.7,92.1,94.7,94.0,92.0,93.2,94.6]
16   | t[159,174,189,234,258]_l[3] | 93.43%    | 1.22%    | 1.0190          | [93.0,95.1,91.8,93.1,92.8,95.1,93.7,91.8,92.9,95.1]
17   | t[189,204,234,249,258]_l[3] | 93.42%    | 1.23%    | 1.0190          | [93.3,95.1,91.7,93.6,91.8,94.7,93.9,92.0,93.1,95.0]
18   | t[174,204,234,249,258]_l[3] | 93.41%    | 1.24%    | 1.0190          | [93.1,95.4,91.5,93.5,92.2,94.6,93.9,92.1,92.8,95.0]
19   | t[159,174,204,249,258]_l[3] | 93.41%    | 1.28%    | 1.0190          | [93.2,94.9,91.8,93.4,91.7,95.2,93.6,91.8,93.5,95.1]
20   | t[159,189,234,249,258]_l[3] | 93.40%    | 1.17%    | 1.0190          | [92.5,95.2,91.6,93.2,92.6,94.7,94.5,92.0,93.2,94.5]
21   | t[174,204,219,234,249]_l[3] | 93.40%    | 1.15%    | 1.0190          | [93.0,94.8,91.9,93.0,92.6,95.1,94.3,91.9,92.8,94.7]
22   | t[174,189,204,219,234]_l[3] | 93.40%    | 1.01%    | 1.0190          | [93.1,95.0,91.8,93.5,92.2,94.1,94.1,92.5,93.1,94.6]
23   | t[174,219,234,249,258]_l[3] | 93.39%    | 1.29%    | 1.0190          | [92.4,95.0,91.8,93.2,91.8,95.2,94.4,92.2,93.0,94.9]
24   | t[159,174,219,249,258]_l[3] | 93.38%    | 1.34%    | 1.0190          | [92.4,95.3,91.7,93.2,91.9,95.3,93.9,92.1,93.1,94.9]
25   | t[174,189,219,249,258]_l[3] | 93.37%    | 1.21%    | 1.0190          | [93.0,94.9,92.0,93.2,91.7,94.9,94.2,91.7,93.5,94.7]
26   | t[159,174,189,219,234]_l[3] | 93.37%    | 1.29%    | 1.0190          | [93.1,95.0,91.6,93.7,91.5,94.8,94.3,92.0,93.0,94.8]
27   | t[174,189,219,234,258]_l[3] | 93.37%    | 1.23%    | 1.0190          | [93.0,95.0,91.4,93.5,91.7,95.0,93.8,92.4,93.1,94.8]
28   | t[159,174,204,234,258]_l[3] | 93.37%    | 1.34%    | 1.0190          | [93.5,95.2,91.4,93.5,91.8,95.0,93.6,91.7,93.1,94.9]
29   | t[159,174,189,219,258]_l[3] | 93.35%    | 1.16%    | 1.0190          | [93.3,95.0,91.9,93.8,91.5,94.4,93.6,91.8,93.6,94.5]
30   | t[159,189,204,234,258]_l[3] | 93.34%    | 1.31%    | 1.0190          | [93.1,94.9,91.8,92.9,91.9,95.1,94.2,91.4,93.2,94.9]
31   | t[189,219,234,249,258]_l[3] | 93.34%    | 1.35%    | 1.0190          | [92.7,95.3,92.0,93.1,92.2,95.0,94.0,90.9,93.5,94.7]
32   | t[159,174,189,219,249]_l[3] | 93.32%    | 1.23%    | 1.0190          | [93.6,94.7,91.5,92.9,91.7,94.8,94.0,91.9,93.3,94.8]
33   | t[174,204,219,234,258]_l[3] | 93.31%    | 1.02%    | 1.0190          | [92.6,94.9,92.2,93.5,92.2,94.8,93.3,92.2,92.9,94.5]
34   | t[159,174,204,219,258]_l[3] | 93.31%    | 1.30%    | 1.0190          | [93.8,94.7,91.2,93.4,91.7,94.6,93.7,91.9,92.9,95.1]
35   | t[159,174,204,234,249]_l[3] | 93.30%    | 1.13%    | 1.0190          | [93.0,95.0,91.6,93.2,91.7,94.4,93.9,92.3,93.3,94.6]
36   | t[159,189,219,234,249]_l[3] | 93.29%    | 1.27%    | 1.0190          | [93.0,95.1,91.3,93.1,91.6,94.7,94.0,92.4,92.7,94.8]
37   | t[159,174,204,219,249]_l[3] | 93.29%    | 1.19%    | 1.0190          | [92.2,95.1,91.5,93.1,92.5,94.9,93.3,92.1,93.4,94.8]
38   | t[159,174,219,234,258]_l[3] | 93.29%    | 1.38%    | 1.0190          | [92.9,95.2,91.3,93.2,91.8,94.9,94.1,91.5,92.9,95.0]
39   | t[159,174,234,249,258]_l[3] | 93.27%    | 1.28%    | 1.0190          | [92.6,95.3,91.8,93.0,91.7,94.9,93.6,91.8,93.3,94.6]
40   | t[159,204,219,234,258]_l[3] | 93.27%    | 1.41%    | 1.0190          | [92.9,95.0,91.3,93.1,91.7,95.2,94.0,91.5,93.0,95.0]
41   | t[174,204,219,249,258]_l[3] | 93.27%    | 1.14%    | 1.0190          | [92.6,95.0,92.3,93.0,91.6,94.6,94.0,92.0,93.0,94.6]
42   | t[159,174,189,234,249]_l[3] | 93.27%    | 1.22%    | 1.0190          | [92.6,94.8,91.7,93.2,91.8,94.8,93.8,91.6,93.6,94.8]
43   | t[159,174,189,249,258]_l[3] | 93.27%    | 1.18%    | 1.0190          | [92.8,95.0,91.7,93.8,91.6,94.6,93.8,92.1,92.7,94.6]
44   | t[159,189,204,219,249]_l[3] | 93.27%    | 1.18%    | 1.0190          | [92.6,94.7,91.2,93.6,91.7,94.7,93.8,92.5,93.2,94.5]
45   | t[204,219,234,249,258]_l[3] | 93.25%    | 1.25%    | 1.0190          | [92.9,95.1,91.6,93.2,92.3,94.9,93.8,91.4,92.8,94.6]
46   | t[174,189,204,234,249]_l[3] | 93.24%    | 1.10%    | 1.0190          | [93.4,94.9,91.4,93.1,92.1,94.3,93.6,92.0,92.9,94.7]
47   | t[159,189,204,234,249]_l[3] | 93.24%    | 1.27%    | 1.0190          | [92.8,95.0,91.5,93.4,92.3,94.5,94.1,91.3,92.7,94.8]
48   | t[159,189,219,249,258]_l[3] | 93.23%    | 1.37%    | 1.0190          | [92.8,95.3,91.5,92.8,91.6,94.8,94.3,91.7,92.7,94.7]
49   | t[189,204,219,249,258]_l[3] | 93.22%    | 1.30%    | 1.0190          | [92.7,95.2,91.8,92.9,91.6,94.9,93.7,92.3,92.1,94.8]
50   | t[159,204,219,249,258]_l[3] | 93.22%    | 1.49%    | 1.0190          | [92.6,95.2,91.3,93.1,91.3,95.0,94.2,91.6,92.9,95.0]
51   | t[189,204,219,234,249]_l[3] | 93.20%    | 1.37%    | 1.0190          | [92.7,94.9,91.9,92.9,91.8,94.9,94.0,91.0,93.0,95.0]
52   | t[189,204,219,234,258]_l[3] | 93.18%    | 1.34%    | 1.0190          | [93.2,94.8,91.3,92.9,91.6,94.7,93.9,91.4,92.9,95.0]
53   | t[159,204,219,234,249]_l[3] | 93.17%    | 1.40%    | 1.0190          | [92.5,95.0,91.6,92.8,91.2,95.0,94.0,91.5,93.3,94.8]
54   | t[174,189,204,219,249]_l[3] | 93.16%    | 1.20%    | 1.0190          | [92.8,94.7,91.5,93.5,91.5,94.2,93.6,91.7,93.2,94.8]
55   | t[174,189,234,249,258]_l[3] | 93.12%    | 1.37%    | 1.0190          | [93.1,95.1,91.7,92.5,91.4,94.6,93.6,91.1,93.4,94.7]
56   | t[159,189,204,249,258]_l[3] | 93.05%    | 1.31%    | 1.0190          | [92.8,95.2,91.4,92.8,91.7,94.5,93.1,91.3,92.8,94.7]
