============================================================
🏆 WINNER CONFIGURATION: t[20,40,60,100,140]_l[5]
============================================================

--- 0. Hardware & Performance Metrics ---
[Parameters]
  - VAE Parameters         : 1.35 M
  - DiT Parameters         : 16.80 M
  - Classifier Parameters  : 1.0181 M
[FLOPs (单次前向传播)]
  - VAE FLOPs              : 514,064,384.0 (0.51G)
  - DiT FLOPs              : 704,839,680.0 (0.70G)
[Time]
  - Feature Extract Time   : 32.55 Seconds
  - DiT Inference Time     : 22.0603 Seconds (Total), 8.23 ms (Avg per call)
  - Classifier Inference   : 2.38 ms (Avg per Test Set)
[GPU Memory]
  - Peak VRAM (Extraction) : 347.39 MB
  - Peak VRAM (Train/Test) : 825.72 MB

--- 1. Overall Metrics (Mean ± Std over 10 seeds) ---
OA:    85.0252% ± 3.8801%
AA:    85.7275% ± 3.5127%
Kappa: 0.8043  ± 0.0485

--- 2. Per-Class Accuracy (Mean ± Std) ---
Asphalt                  : 77.72% ± 7.30%
Meadows                  : 88.68% ± 8.92%
Gravel                   : 80.91% ± 8.69%
Trees                    : 82.16% ± 7.51%
Painted metal sheets     : 98.10% ± 2.28%
Bare Soil                : 81.25% ± 12.20%
Bitumen                  : 96.87% ± 6.92%
Self-Blocking Bricks     : 80.42% ± 12.59%
Shadows                  : 85.45% ± 10.04%

--- 3. Best Seed Detailed Report (Highest OA run) ---
                      precision    recall  f1-score   support

             Asphalt     0.9346    0.8435    0.8867      6626
             Meadows     0.9298    0.9734    0.9511     18644
              Gravel     0.8708    0.8978    0.8841      2094
               Trees     0.8575    0.8614    0.8594      3059
Painted metal sheets     0.8737    0.9963    0.9310      1340
           Bare Soil     0.9576    0.8043    0.8743      5024
             Bitumen     0.8006    0.9940    0.8869      1325
Self-Blocking Bricks     0.8314    0.8744    0.8523      3677
             Shadows     0.9351    0.7346    0.8228       942

            accuracy                         0.9092     42731
           macro avg     0.8879    0.8866    0.8832     42731
        weighted avg     0.9116    0.9092    0.9083     42731


============================================================
🚀 LEADERBOARD (All Configs)
============================================================
Rank | Config                    | Mean OA    | Std Dev    | Cls Params(M)   | Runs (OA)
-----------------------------------------------------------------------------------------------
1    | t[20,40,60,100,140]_l[5]  | 85.03%    | 3.88%    | 1.0181          | [77.6,84.7,87.0,84.8,80.7,90.9,88.7,84.9,88.9,82.1]
2    | t[0,20,60,80,140]_l[3]    | 84.90%    | 3.76%    | 1.0181          | [78.6,85.6,86.2,85.2,80.1,91.0,89.5,83.5,87.4,81.8]
3    | t[40,60,80,120,140]_l[5]  | 84.84%    | 3.68%    | 1.0181          | [78.5,86.2,87.1,84.0,80.2,89.6,88.9,82.8,88.8,82.3]
4    | t[0,20,40,80,100]_l[5]    | 84.79%    | 3.64%    | 1.0181          | [78.3,84.8,87.1,82.2,80.4,90.4,88.7,83.7,88.1,84.2]
5    | t[20,80,100,120,140]_l[3] | 84.79%    | 3.75%    | 1.0181          | [77.8,83.2,86.4,86.8,80.3,89.9,89.2,83.4,88.1,82.8]
6    | t[0,40,60,100,120]_l[3]   | 84.78%    | 3.76%    | 1.0181          | [77.7,84.5,86.1,84.3,81.6,90.9,89.2,83.7,88.2,81.6]
7    | t[20,80,100,120,140]_l[5] | 84.77%    | 3.86%    | 1.0181          | [77.6,84.7,86.6,83.9,80.1,90.0,89.6,84.6,88.3,82.0]
8    | t[20,40,60,80,140]_l[3]   | 84.72%    | 3.96%    | 1.0181          | [77.5,83.5,87.5,82.0,80.7,91.0,88.8,84.4,88.3,83.3]
9    | t[0,20,80,120,140]_l[5]   | 84.70%    | 3.77%    | 1.0181          | [79.4,86.0,86.6,83.6,79.7,89.6,89.6,79.8,88.0,84.7]
10   | t[20,60,80,100,120]_l[3]  | 84.69%    | 3.83%    | 1.0181          | [77.2,83.4,86.8,82.4,82.2,90.5,89.0,85.5,88.2,81.8]
11   | t[20,60,80,100,140]_l[5]  | 84.68%    | 3.79%    | 1.0181          | [78.5,86.1,87.4,84.1,79.1,89.6,89.1,83.8,87.7,81.2]
12   | t[0,20,80,100,120]_l[5]   | 84.67%    | 3.93%    | 1.0181          | [77.3,86.6,86.1,84.3,80.2,90.4,89.0,81.4,88.1,83.4]
13   | t[0,60,80,100,120]_l[4]   | 84.67%    | 3.94%    | 1.0181          | [77.3,84.1,86.8,86.3,81.0,90.5,89.2,84.2,87.1,80.2]
14   | t[40,80,100,120,140]_l[5] | 84.66%    | 3.66%    | 1.0181          | [77.8,85.7,87.0,83.6,82.0,88.9,89.8,82.5,88.1,81.2]
15   | t[20,40,60,100,120]_l[5]  | 84.65%    | 3.78%    | 1.0181          | [77.2,86.0,84.4,83.6,80.6,89.1,89.7,85.7,88.3,81.9]
16   | t[0,40,80,120,140]_l[5]   | 84.64%    | 3.97%    | 1.0181          | [77.2,85.6,87.2,83.9,81.1,90.3,88.4,83.7,88.6,80.4]
17   | t[0,40,60,80,140]_l[5]    | 84.63%    | 3.79%    | 1.0181          | [77.7,85.1,86.1,83.9,80.0,90.1,88.8,83.4,88.8,82.5]
18   | t[20,40,60,80,100]_l[5]   | 84.61%    | 3.74%    | 1.0181          | [77.9,83.7,86.4,82.8,81.2,90.4,89.3,84.5,88.1,81.7]
19   | t[20,60,80,100,120]_l[5]  | 84.61%    | 3.89%    | 1.0181          | [77.4,85.7,87.2,82.9,80.4,89.4,88.6,84.9,88.8,80.8]
20   | t[40,60,80,100,140]_l[5]  | 84.61%    | 4.19%    | 1.0181          | [76.9,85.8,87.5,82.8,81.6,90.0,89.1,83.1,89.1,80.0]
21   | t[0,60,100,120,140]_l[4]  | 84.59%    | 3.93%    | 1.0181          | [77.9,85.9,87.5,82.2,80.2,90.0,88.8,84.0,88.4,80.9]
22   | t[0,20,40,80,140]_l[3]    | 84.58%    | 3.76%    | 1.0181          | [78.8,82.7,87.2,80.9,80.0,90.6,88.4,84.7,88.2,84.3]
23   | t[0,20,60,80,100]_l[3]    | 84.57%    | 3.77%    | 1.0181          | [77.6,83.9,87.0,82.6,81.5,90.2,89.0,84.0,88.2,81.7]
24   | t[0,20,40,100,140]_l[5]   | 84.57%    | 3.77%    | 1.0181          | [76.8,86.2,86.2,84.4,79.4,88.9,88.2,85.1,88.2,82.3]
25   | t[40,60,80,120,140]_l[3]  | 84.56%    | 3.72%    | 1.0181          | [78.5,85.3,86.3,82.3,81.3,89.8,89.3,82.1,88.9,81.7]
26   | t[0,40,60,80,100]_l[4]    | 84.56%    | 3.87%    | 1.0181          | [78.2,84.2,87.4,85.6,80.2,90.0,89.1,82.5,87.8,80.5]
27   | t[0,20,60,100,120]_l[3]   | 84.55%    | 3.67%    | 1.0181          | [78.4,84.3,86.6,81.0,81.8,89.8,89.6,84.2,88.0,81.8]
28   | t[0,60,80,120,140]_l[5]   | 84.50%    | 3.84%    | 1.0181          | [78.6,85.1,86.7,85.0,80.2,89.6,89.2,82.6,88.2,79.7]
29   | t[20,40,80,100,140]_l[3]  | 84.50%    | 3.59%    | 1.0181          | [78.8,84.8,85.5,81.4,80.3,90.0,89.1,83.6,88.3,83.3]
30   | t[60,80,100,120,140]_l[3] | 84.50%    | 4.00%    | 1.0181          | [77.4,85.5,86.5,79.5,81.7,90.0,89.3,84.5,88.3,82.3]
31   | t[0,40,60,100,140]_l[5]   | 84.49%    | 3.85%    | 1.0181          | [78.7,84.6,88.2,81.7,79.3,88.6,89.6,81.3,88.0,85.0]
32   | t[20,60,100,120,140]_l[5] | 84.49%    | 3.89%    | 1.0181          | [77.0,85.8,86.0,82.7,80.7,89.3,89.5,84.3,88.4,81.2]
33   | t[20,60,80,120,140]_l[5]  | 84.49%    | 3.88%    | 1.0181          | [77.4,84.9,88.6,83.7,80.0,89.2,88.9,82.8,87.7,81.6]
34   | t[0,60,80,100,120]_l[3]   | 84.48%    | 4.06%    | 1.0181          | [77.9,84.3,88.1,81.9,80.5,90.7,88.6,83.8,88.4,80.7]
35   | t[20,40,80,100,120]_l[3]  | 84.47%    | 3.82%    | 1.0181          | [77.8,84.1,86.4,81.4,81.3,90.2,89.7,83.0,88.2,82.7]
36   | t[20,60,100,120,140]_l[3] | 84.47%    | 3.92%    | 1.0181          | [77.1,83.8,86.4,83.7,80.0,89.9,89.1,83.0,88.8,83.0]
37   | t[0,20,100,120,140]_l[5]  | 84.46%    | 4.01%    | 1.0181          | [77.9,86.2,87.9,84.1,80.5,89.7,89.1,82.2,87.4,79.6]
38   | t[40,60,100,120,140]_l[5] | 84.46%    | 4.09%    | 1.0181          | [77.6,86.4,87.8,81.3,81.8,89.4,89.4,81.3,88.6,81.0]
39   | t[0,40,60,120,140]_l[5]   | 84.46%    | 3.81%    | 1.0181          | [77.3,85.4,86.5,81.8,80.4,90.0,89.0,84.3,87.6,82.2]
40   | t[0,80,100,120,140]_l[5]  | 84.46%    | 3.66%    | 1.0181          | [78.7,85.5,87.5,84.4,80.4,89.5,88.7,81.3,87.6,81.0]
41   | t[0,20,60,100,140]_l[4]   | 84.44%    | 3.86%    | 1.0181          | [78.1,82.8,87.5,84.3,82.0,90.0,88.9,79.0,87.5,84.3]
42   | t[0,20,60,80,120]_l[5]    | 84.44%    | 3.62%    | 1.0181          | [79.1,83.9,86.4,82.3,80.2,90.8,88.4,81.1,87.3,85.0]
43   | t[0,20,80,100,140]_l[4]   | 84.44%    | 3.69%    | 1.0181          | [79.1,84.4,87.6,80.9,81.5,90.4,88.8,82.1,87.7,82.0]
44   | t[40,60,80,100,140]_l[3]  | 84.44%    | 3.98%    | 1.0181          | [78.4,83.1,87.0,82.4,80.7,90.1,89.8,83.9,88.7,80.4]
45   | t[0,40,100,120,140]_l[5]  | 84.43%    | 4.10%    | 1.0181          | [77.8,85.3,87.9,81.7,80.7,89.8,89.8,81.8,88.3,81.2]
46   | t[0,20,100,120,140]_l[4]  | 84.43%    | 4.28%    | 1.0181          | [78.9,85.3,87.5,83.8,80.8,89.9,89.4,77.7,89.0,81.9]
47   | t[40,60,100,120,140]_l[3] | 84.43%    | 3.90%    | 1.0181          | [77.0,83.9,86.3,82.2,82.1,89.7,89.2,81.6,89.3,83.1]
48   | t[0,40,100,120,140]_l[4]  | 84.43%    | 4.06%    | 1.0181          | [77.3,83.7,86.4,84.8,80.6,90.9,89.2,82.0,88.1,81.1]
49   | t[40,60,80,100,120]_l[5]  | 84.42%    | 3.90%    | 1.0181          | [77.9,85.1,86.9,81.9,81.1,89.6,89.6,81.6,88.6,82.0]
50   | t[20,40,60,100,140]_l[3]  | 84.42%    | 4.20%    | 1.0181          | [77.2,83.8,86.3,81.6,81.1,90.8,89.7,81.1,89.0,83.4]
51   | t[0,80,100,120,140]_l[4]  | 84.42%    | 3.98%    | 1.0181          | [77.3,83.4,87.0,84.7,81.0,89.8,89.2,80.9,88.7,82.1]
52   | t[0,60,80,100,120]_l[5]   | 84.41%    | 3.72%    | 1.0181          | [78.7,85.1,86.0,82.2,80.3,89.2,89.9,83.6,88.2,80.9]
53   | t[0,20,60,80,100]_l[4]    | 84.41%    | 3.64%    | 1.0181          | [78.2,82.8,87.9,83.2,79.9,89.0,89.3,83.5,87.4,83.0]
54   | t[0,20,40,80,140]_l[4]    | 84.41%    | 3.82%    | 1.0181          | [78.0,84.3,85.2,84.1,80.4,89.9,89.7,81.5,88.6,82.3]
55   | t[0,20,40,100,120]_l[3]   | 84.40%    | 3.76%    | 1.0181          | [77.8,82.2,85.9,82.6,80.8,90.9,88.3,85.4,87.8,82.2]
56   | t[0,60,100,120,140]_l[3]  | 84.38%    | 3.92%    | 1.0181          | [77.0,83.7,87.2,81.7,79.9,90.1,88.5,84.3,88.1,83.4]
57   | t[0,40,60,100,120]_l[5]   | 84.38%    | 3.76%    | 1.0181          | [77.6,86.4,86.5,81.9,80.2,89.4,88.6,82.4,88.0,82.8]
58   | t[0,40,60,100,140]_l[3]   | 84.36%    | 3.80%    | 1.0181          | [76.9,82.6,86.2,83.4,81.1,90.2,88.7,83.5,88.3,82.7]
59   | t[0,20,80,120,140]_l[4]   | 84.36%    | 3.81%    | 1.0181          | [78.1,84.4,86.6,83.1,80.3,90.2,89.3,81.4,87.8,82.5]
60   | t[20,40,60,120,140]_l[4]  | 84.35%    | 3.82%    | 1.0181          | [77.4,83.4,86.4,83.0,80.8,90.3,88.2,84.4,88.4,81.2]
61   | t[20,40,60,120,140]_l[3]  | 84.34%    | 3.95%    | 1.0181          | [77.4,84.1,86.2,82.2,80.6,90.8,89.1,83.1,88.1,81.9]
62   | t[0,40,60,80,100]_l[5]    | 84.34%    | 3.87%    | 1.0181          | [77.7,84.4,87.3,81.0,80.6,89.5,89.5,84.8,87.3,81.2]
63   | t[40,60,80,100,120]_l[3]  | 84.34%    | 4.28%    | 1.0181          | [77.3,85.3,86.5,78.7,81.2,90.1,89.3,85.1,88.5,81.3]
64   | t[0,40,80,100,120]_l[5]   | 84.33%    | 4.16%    | 1.0181          | [77.6,84.7,85.6,80.5,80.4,89.5,89.8,84.3,89.8,81.3]
65   | t[0,60,80,120,140]_l[3]   | 84.32%    | 4.06%    | 1.0181          | [77.8,83.9,88.3,79.6,80.3,89.9,88.5,84.5,88.3,82.2]
66   | t[40,80,100,120,140]_l[4] | 84.32%    | 3.91%    | 1.0181          | [77.9,85.3,87.7,82.9,80.8,89.0,88.9,80.8,88.8,81.2]
67   | t[0,20,40,80,120]_l[5]    | 84.32%    | 3.78%    | 1.0181          | [77.1,85.5,85.4,83.9,80.1,90.5,88.2,81.7,87.4,83.7]
68   | t[0,60,80,100,140]_l[5]   | 84.32%    | 4.29%    | 1.0181          | [77.6,84.8,88.1,80.8,79.1,89.4,89.3,84.5,88.9,80.8]
69   | t[0,40,100,120,140]_l[3]  | 84.31%    | 4.34%    | 1.0181          | [77.6,84.5,87.7,83.1,81.5,90.6,89.5,79.5,88.5,80.5]
70   | t[40,60,100,120,140]_l[4] | 84.30%    | 3.91%    | 1.0181          | [78.0,84.8,87.8,80.3,81.5,88.9,89.0,83.0,88.9,80.9]
71   | t[60,80,100,120,140]_l[4] | 84.30%    | 3.92%    | 1.0181          | [77.8,84.8,87.5,81.6,81.9,89.8,88.6,81.7,88.6,80.7]
72   | t[20,40,60,80,120]_l[5]   | 84.29%    | 3.59%    | 1.0181          | [78.0,84.3,84.0,82.7,80.7,89.9,88.6,85.3,88.0,81.3]
73   | t[20,40,100,120,140]_l[3] | 84.29%    | 3.82%    | 1.0181          | [76.9,83.6,84.5,81.7,80.5,89.5,88.9,84.0,88.9,84.4]
74   | t[20,40,60,80,140]_l[5]   | 84.27%    | 4.07%    | 1.0181          | [77.3,84.4,86.7,80.7,80.7,90.4,89.2,84.2,88.0,81.1]
75   | t[20,60,80,120,140]_l[3]  | 84.27%    | 3.90%    | 1.0181          | [77.4,84.5,85.3,79.6,81.8,90.0,89.2,85.0,87.9,81.9]
76   | t[20,40,60,120,140]_l[5]  | 84.26%    | 4.05%    | 1.0181          | [78.3,86.7,85.8,80.9,80.3,90.1,89.6,82.7,87.8,80.3]
77   | t[20,60,80,120,140]_l[4]  | 84.25%    | 3.64%    | 1.0181          | [78.1,82.8,85.9,82.7,81.2,89.9,88.6,82.9,88.6,81.8]
78   | t[0,40,80,100,120]_l[3]   | 84.24%    | 3.85%    | 1.0181          | [77.4,82.9,86.4,81.3,81.0,90.0,88.6,84.7,88.4,81.7]
79   | t[0,40,60,80,100]_l[3]    | 84.24%    | 4.27%    | 1.0181          | [77.9,81.7,87.4,80.9,80.5,90.5,89.4,84.7,88.8,80.6]
80   | t[0,20,40,60,120]_l[3]    | 84.22%    | 4.20%    | 1.0181          | [78.4,84.9,86.8,77.6,80.5,90.6,89.2,84.1,87.4,82.7]
81   | t[20,40,80,100,120]_l[4]  | 84.21%    | 3.94%    | 1.0181          | [76.4,84.2,86.3,82.6,80.5,89.4,89.1,85.2,87.6,80.8]
82   | t[0,20,40,60,100]_l[5]    | 84.21%    | 3.73%    | 1.0181          | [79.0,83.2,83.7,84.8,81.0,90.6,89.3,79.6,87.6,83.3]
83   | t[20,80,100,120,140]_l[4] | 84.20%    | 4.11%    | 1.0181          | [77.4,82.2,87.3,84.6,80.6,89.8,89.5,80.4,88.3,82.0]
84   | t[20,40,60,80,100]_l[4]   | 84.20%    | 4.16%    | 1.0181          | [77.2,83.2,85.9,78.8,81.5,89.8,89.5,85.6,88.4,82.1]
85   | t[0,60,80,120,140]_l[4]   | 84.20%    | 3.99%    | 1.0181          | [78.2,84.5,85.7,85.0,80.4,90.4,88.5,80.3,88.6,80.4]
86   | t[0,40,80,100,120]_l[4]   | 84.19%    | 3.65%    | 1.0181          | [78.3,83.3,86.3,81.5,80.1,89.9,88.9,83.5,87.5,82.6]
87   | t[0,20,60,100,120]_l[5]   | 84.19%    | 3.95%    | 1.0181          | [77.1,85.5,85.2,82.7,79.5,89.7,88.9,82.4,88.6,82.3]
88   | t[0,40,60,80,120]_l[5]    | 84.18%    | 3.77%    | 1.0181          | [78.3,84.6,87.0,81.6,80.0,89.2,89.3,82.0,87.9,81.9]
89   | t[0,60,100,120,140]_l[5]  | 84.18%    | 3.89%    | 1.0181          | [78.0,86.0,87.2,82.1,79.9,89.3,88.6,81.6,88.1,81.0]
90   | t[40,80,100,120,140]_l[3] | 84.18%    | 3.79%    | 1.0181          | [77.7,83.5,86.5,80.2,81.0,89.3,89.0,82.6,88.3,83.7]
91   | t[0,40,80,100,140]_l[5]   | 84.17%    | 4.07%    | 1.0181          | [77.2,85.8,86.9,82.0,79.4,90.2,88.6,82.5,87.7,81.3]
92   | t[20,40,60,100,140]_l[4]  | 84.17%    | 3.92%    | 1.0181          | [78.9,83.1,86.2,79.7,81.1,89.9,89.6,83.5,88.6,81.1]
93   | t[20,40,60,80,100]_l[3]   | 84.17%    | 4.14%    | 1.0181          | [76.9,82.3,86.3,84.3,80.0,90.8,88.8,82.6,88.5,81.3]
94   | t[20,40,100,120,140]_l[5] | 84.16%    | 3.92%    | 1.0181          | [76.7,85.3,85.0,81.6,80.1,89.6,88.5,84.5,88.5,81.8]
95   | t[20,40,80,100,140]_l[4]  | 84.15%    | 3.85%    | 1.0181          | [76.5,81.9,85.5,84.3,80.3,88.8,89.5,83.9,88.1,82.6]
96   | t[60,80,100,120,140]_l[5] | 84.14%    | 4.13%    | 1.0181          | [76.3,85.3,87.0,81.3,80.9,89.0,89.0,81.8,89.0,81.8]
97   | t[0,80,100,120,140]_l[3]  | 84.13%    | 4.24%    | 1.0181          | [77.4,82.5,87.2,80.8,80.3,91.0,88.4,84.7,88.4,80.6]
98   | t[0,20,40,60,80]_l[3]     | 84.12%    | 3.82%    | 1.0181          | [78.1,80.4,86.6,81.5,80.3,90.0,88.4,84.9,87.8,83.2]
99   | t[20,40,80,120,140]_l[3]  | 84.12%    | 4.05%    | 1.0181          | [77.4,84.2,86.7,79.6,81.2,90.2,89.0,83.1,88.1,81.9]
100  | t[0,20,60,100,120]_l[4]   | 84.12%    | 3.70%    | 1.0181          | [78.0,82.3,86.7,84.0,80.7,89.1,89.0,82.5,88.1,80.8]
101  | t[20,40,60,100,120]_l[4]  | 84.11%    | 4.19%    | 1.0181          | [77.1,83.9,86.3,82.3,80.4,90.0,89.8,82.7,88.4,80.1]
102  | t[0,20,60,120,140]_l[5]   | 84.11%    | 4.27%    | 1.0181          | [78.1,86.7,86.7,82.8,81.2,90.2,88.7,78.7,88.2,79.9]
103  | t[0,60,80,100,140]_l[3]   | 84.11%    | 4.17%    | 1.0181          | [78.1,82.5,86.8,82.4,80.3,91.1,89.3,81.4,88.2,81.1]
104  | t[0,20,40,60,120]_l[5]    | 84.11%    | 3.81%    | 1.0181          | [77.8,84.6,83.9,82.2,79.9,89.4,89.6,82.7,88.6,82.4]
105  | t[0,20,40,60,140]_l[5]    | 84.11%    | 4.06%    | 1.0181          | [77.4,84.8,85.5,79.8,80.5,90.1,89.0,82.5,88.9,82.6]
106  | t[20,40,80,120,140]_l[4]  | 84.10%    | 3.87%    | 1.0181          | [77.3,83.7,85.8,82.7,80.8,90.1,88.7,82.1,88.5,81.3]
107  | t[0,20,40,80,140]_l[5]    | 84.10%    | 3.81%    | 1.0181          | [78.8,84.9,85.7,79.1,80.7,90.1,88.4,82.7,88.2,82.4]
108  | t[0,20,80,100,140]_l[3]   | 84.10%    | 4.02%    | 1.0181          | [79.2,84.6,86.7,80.4,79.8,90.3,89.1,80.0,88.1,82.8]
109  | t[0,20,60,80,100]_l[5]    | 84.07%    | 4.05%    | 1.0181          | [77.9,85.0,86.3,82.3,80.3,90.2,89.3,80.2,88.0,81.2]
110  | t[0,20,60,80,120]_l[4]    | 84.07%    | 3.64%    | 1.0181          | [80.2,83.7,86.1,79.5,81.1,89.8,89.0,82.7,87.8,80.8]
111  | t[0,20,80,100,120]_l[4]   | 84.07%    | 3.62%    | 1.0181          | [78.4,83.7,86.6,80.3,80.6,88.8,89.2,83.6,87.6,82.0]
112  | t[20,40,60,80,140]_l[4]   | 84.07%    | 3.61%    | 1.0181          | [78.9,83.7,85.6,81.8,80.3,89.5,88.9,84.0,87.7,80.1]
113  | t[0,20,40,60,80]_l[5]     | 84.07%    | 3.79%    | 1.0181          | [77.3,84.2,85.3,81.0,80.6,89.6,89.5,84.3,87.1,81.7]
114  | t[0,20,40,100,120]_l[5]   | 84.06%    | 3.47%    | 1.0181          | [78.6,85.6,82.0,82.0,81.7,89.5,89.1,82.2,87.7,82.4]
115  | t[0,40,80,120,140]_l[3]   | 84.06%    | 4.00%    | 1.0181          | [78.4,82.8,86.0,80.8,79.7,90.6,89.4,83.9,87.8,81.1]
116  | t[0,20,60,80,140]_l[5]    | 84.05%    | 4.12%    | 1.0181          | [77.1,85.0,87.2,82.3,79.8,89.4,89.4,81.3,87.9,81.0]
117  | t[20,40,80,120,140]_l[5]  | 84.04%    | 3.92%    | 1.0181          | [77.4,84.4,85.5,81.4,80.4,89.6,88.3,84.5,88.7,80.0]
118  | t[20,40,60,80,120]_l[3]   | 84.04%    | 4.29%    | 1.0181          | [76.7,83.1,87.4,79.9,80.7,90.3,89.2,84.4,87.8,80.9]
119  | t[0,40,60,80,140]_l[3]    | 84.03%    | 4.06%    | 1.0181          | [77.4,84.0,86.8,81.8,81.3,90.0,89.1,82.3,88.1,79.5]
120  | t[0,20,40,80,120]_l[3]    | 84.03%    | 3.88%    | 1.0181          | [77.7,80.9,86.2,81.8,80.1,90.3,88.7,83.8,87.8,83.0]
121  | t[20,40,100,120,140]_l[4] | 84.02%    | 3.94%    | 1.0181          | [76.6,83.9,85.8,83.3,81.1,89.6,88.7,81.5,88.5,81.2]
122  | t[20,60,80,100,120]_l[4]  | 84.02%    | 4.08%    | 1.0181          | [77.1,84.1,86.6,79.7,80.2,90.0,88.9,83.9,87.8,81.9]
123  | t[0,20,40,100,120]_l[4]   | 84.02%    | 4.19%    | 1.0181          | [78.0,83.8,87.3,79.4,81.9,89.4,90.3,79.0,87.1,84.0]
124  | t[0,20,40,60,140]_l[3]    | 84.01%    | 4.00%    | 1.0181          | [77.6,81.4,87.4,83.3,79.7,89.4,89.4,81.8,87.8,82.3]
125  | t[20,60,80,100,140]_l[4]  | 83.99%    | 4.19%    | 1.0181          | [77.9,83.4,87.4,79.7,80.7,89.5,89.7,82.2,88.6,80.9]
126  | t[0,20,60,80,120]_l[3]    | 83.99%    | 3.91%    | 1.0181          | [78.4,81.4,86.3,80.4,79.9,90.2,88.5,85.3,87.7,81.7]
127  | t[0,20,40,120,140]_l[5]   | 83.98%    | 4.42%    | 1.0181          | [75.8,85.5,86.6,82.6,80.2,90.1,88.9,80.2,88.4,81.4]
128  | t[0,20,60,100,140]_l[5]   | 83.97%    | 4.12%    | 1.0181          | [78.6,85.8,87.2,80.5,80.2,88.7,89.5,80.4,88.5,80.2]
129  | t[20,60,80,100,140]_l[3]  | 83.97%    | 3.96%    | 1.0181          | [77.5,82.4,86.2,81.3,80.2,90.0,89.0,83.8,88.0,81.2]
130  | t[40,60,80,120,140]_l[4]  | 83.96%    | 4.14%    | 1.0181          | [78.4,83.8,86.0,78.8,81.1,90.2,88.8,82.5,89.1,80.9]
131  | t[0,20,40,60,120]_l[4]    | 83.94%    | 4.06%    | 1.0181          | [78.8,81.3,86.1,78.7,81.0,90.0,89.9,82.9,88.0,82.8]
132  | t[0,40,60,100,120]_l[4]   | 83.93%    | 4.09%    | 1.0181          | [77.5,81.6,86.0,80.5,80.3,90.1,89.5,84.5,87.8,81.5]
133  | t[0,20,100,120,140]_l[3]  | 83.93%    | 3.95%    | 1.0181          | [77.3,82.2,86.4,82.3,80.9,89.5,89.0,81.5,88.7,81.6]
134  | t[40,60,80,100,140]_l[4]  | 83.93%    | 4.10%    | 1.0181          | [77.6,83.6,87.6,79.0,80.5,89.1,89.4,84.3,87.4,80.8]
135  | t[0,40,60,120,140]_l[3]   | 83.92%    | 4.14%    | 1.0181          | [77.7,83.5,87.0,80.5,80.4,90.5,89.3,82.4,87.4,80.4]
136  | t[0,40,60,80,120]_l[4]    | 83.91%    | 3.72%    | 1.0181          | [78.3,83.3,85.1,81.2,80.5,89.7,89.1,83.4,87.8,80.7]
137  | t[0,40,80,120,140]_l[4]   | 83.91%    | 3.95%    | 1.0181          | [79.8,82.3,85.7,83.0,80.5,90.2,89.7,79.3,87.8,80.6]
138  | t[0,20,40,80,120]_l[4]    | 83.90%    | 4.15%    | 1.0181          | [78.1,83.7,86.5,77.6,80.2,89.7,89.1,83.4,88.0,82.8]
139  | t[40,60,80,100,120]_l[4]  | 83.90%    | 3.87%    | 1.0181          | [77.2,83.9,86.1,80.1,80.8,88.9,89.3,83.6,87.7,81.4]
140  | t[0,20,80,100,120]_l[3]   | 83.88%    | 4.42%    | 1.0181          | [78.3,83.2,87.4,76.3,80.9,89.9,89.1,83.5,88.1,82.2]
141  | t[0,20,60,100,140]_l[3]   | 83.87%    | 4.32%    | 1.0181          | [77.2,82.4,85.7,85.6,80.2,90.1,89.0,77.9,88.1,82.6]
142  | t[20,40,80,100,120]_l[5]  | 83.85%    | 3.67%    | 1.0181          | [78.8,84.3,86.5,81.3,80.8,88.5,89.1,78.8,87.1,83.3]
143  | t[20,40,60,80,120]_l[4]   | 83.85%    | 3.74%    | 1.0181          | [77.6,84.3,84.7,81.7,81.8,90.1,88.4,83.5,87.0,79.3]
144  | t[0,40,60,120,140]_l[4]   | 83.85%    | 4.31%    | 1.0181          | [78.1,84.6,86.6,82.8,80.2,90.4,89.0,78.5,88.1,80.1]
145  | t[20,40,60,100,120]_l[3]  | 83.84%    | 4.14%    | 1.0181          | [77.9,83.3,87.1,80.0,78.9,90.2,88.7,82.7,87.8,81.8]
146  | t[0,20,80,100,140]_l[5]   | 83.84%    | 4.23%    | 1.0181          | [77.5,85.2,87.5,82.4,80.6,88.8,88.4,78.6,89.0,80.4]
147  | t[20,60,100,120,140]_l[4] | 83.83%    | 4.30%    | 1.0181          | [76.6,83.5,87.3,82.3,80.4,89.6,89.5,80.3,88.2,80.7]
148  | t[0,40,80,100,140]_l[3]   | 83.78%    | 4.37%    | 1.0181          | [77.4,82.8,86.8,81.7,80.3,90.2,89.6,81.1,88.5,79.3]
149  | t[0,20,40,80,100]_l[3]    | 83.77%    | 3.92%    | 1.0181          | [77.2,83.3,85.7,79.5,80.5,89.4,88.7,83.3,88.0,82.3]
150  | t[0,20,40,100,140]_l[4]   | 83.77%    | 4.21%    | 1.0181          | [78.2,82.0,87.7,81.9,81.2,90.1,89.6,77.8,86.4,82.8]
151  | t[0,40,60,100,140]_l[4]   | 83.76%    | 4.19%    | 1.0181          | [77.3,82.9,85.9,83.3,80.1,89.8,89.2,80.5,88.6,79.9]
152  | t[0,20,40,60,100]_l[3]    | 83.74%    | 3.87%    | 1.0181          | [77.6,81.3,86.2,80.3,80.1,89.8,89.2,83.8,86.5,82.6]
153  | t[0,40,60,80,140]_l[4]    | 83.73%    | 4.02%    | 1.0181          | [78.1,82.0,86.9,79.9,80.9,90.6,88.2,81.7,87.7,81.2]
154  | t[0,40,80,100,140]_l[4]   | 83.72%    | 4.47%    | 1.0181          | [77.8,82.7,87.0,79.9,79.3,90.5,89.2,83.5,88.2,79.1]
155  | t[0,20,40,60,80]_l[4]     | 83.72%    | 3.85%    | 1.0181          | [77.5,83.1,84.4,80.5,81.0,88.8,89.4,84.3,88.1,80.1]
156  | t[0,60,80,100,140]_l[4]   | 83.68%    | 4.00%    | 1.0181          | [77.2,83.1,85.6,81.8,80.5,90.0,89.0,80.7,87.7,81.1]
157  | t[0,20,40,120,140]_l[4]   | 83.67%    | 4.00%    | 1.0181          | [78.2,84.1,87.1,82.3,80.9,90.0,87.9,77.9,87.0,81.3]
158  | t[0,20,40,80,100]_l[4]    | 83.66%    | 3.84%    | 1.0181          | [77.3,82.0,83.8,80.2,80.4,87.9,89.1,85.2,88.9,81.7]
159  | t[0,20,40,60,100]_l[4]    | 83.63%    | 4.10%    | 1.0181          | [77.7,82.1,85.5,79.3,80.6,90.0,89.3,85.0,86.9,80.0]
160  | t[0,40,60,80,120]_l[3]    | 83.61%    | 4.17%    | 1.0181          | [78.0,81.7,86.4,79.6,80.8,90.3,89.0,82.0,88.1,80.2]
161  | t[20,40,80,100,140]_l[5]  | 83.61%    | 4.49%    | 1.0181          | [77.1,84.1,87.4,80.0,81.4,89.9,89.0,78.8,88.4,80.0]
162  | t[0,20,60,120,140]_l[3]   | 83.60%    | 4.51%    | 1.0181          | [76.6,82.4,87.4,78.3,80.8,89.5,89.6,81.7,88.4,81.5]
163  | t[0,20,60,80,140]_l[4]    | 83.58%    | 4.85%    | 1.0181          | [78.7,82.9,86.9,75.3,80.3,90.7,89.2,83.6,88.5,79.9]
164  | t[0,20,40,120,140]_l[3]   | 83.58%    | 4.10%    | 1.0181          | [77.8,81.9,86.6,79.7,80.1,90.0,88.3,81.0,88.3,82.1]
165  | t[0,20,40,100,140]_l[3]   | 83.54%    | 4.13%    | 1.0181          | [77.4,83.1,86.1,80.8,78.7,89.8,89.1,80.6,87.4,82.4]
166  | t[0,20,40,60,140]_l[4]    | 83.52%    | 4.51%    | 1.0181          | [80.0,81.3,87.3,76.9,80.5,89.8,89.6,80.0,88.6,81.3]
167  | t[0,20,60,120,140]_l[4]   | 83.49%    | 4.61%    | 1.0181          | [78.6,83.5,86.6,75.6,80.3,90.0,89.7,81.9,87.7,81.0]
168  | t[0,20,80,120,140]_l[3]   | 83.45%    | 4.20%    | 1.0181          | [78.1,81.1,87.2,80.7,79.9,89.7,88.9,79.8,88.0,81.3]
