============================================================
🏆 WINNER CONFIGURATION: t[180,225,245,345,400]_l[4]
============================================================

--- 0. Hardware & Performance Metrics ---
[Parameters]
  - VAE Parameters         : 1.35 M
  - DiT Parameters         : 16.70 M
  - Classifier Parameters  : 1.0181 M
[FLOPs (单次前向传播)]
  - VAE FLOPs              : 514,064,384.0 (0.51G)
  - DiT FLOPs              : 698,548,224.0 (0.70G)
[Time]
  - Feature Extract Time   : 33.68 Seconds
  - DiT Inference Time     : 26.9250 Seconds (Total), 8.04 ms (Avg per call)
  - Classifier Inference   : 2.40 ms (Avg per Test Set)
[GPU Memory]
  - Peak VRAM (Extraction) : 315.01 MB
  - Peak VRAM (Train/Test) : 820.62 MB

--- 1. Overall Metrics (Mean ± Std over 10 seeds) ---
OA:    92.8092% ± 3.0096%
AA:    92.4480% ± 2.0737%
Kappa: 0.9053  ± 0.0391

--- 2. Per-Class Accuracy (Mean ± Std) ---
Asphalt                  : 84.94% ± 5.86%
Meadows                  : 95.43% ± 3.46%
Gravel                   : 91.04% ± 5.95%
Trees                    : 88.16% ± 5.38%
Painted metal sheets     : 99.72% ± 0.44%
Bare Soil                : 94.69% ± 5.85%
Bitumen                  : 99.15% ± 1.15%
Self-Blocking Bricks     : 92.95% ± 3.65%
Shadows                  : 85.94% ± 10.23%

--- 3. Best Seed Detailed Report (Highest OA run) ---
                      precision    recall  f1-score   support

             Asphalt     0.9665    0.8366    0.8969      6626
             Meadows     0.9761    0.9965    0.9862     18644
              Gravel     0.8275    0.9785    0.8967      2094
               Trees     0.9624    0.8879    0.9237      3059
Painted metal sheets     0.8241    1.0000    0.9036      1340
           Bare Soil     0.9952    0.9962    0.9957      5024
             Bitumen     0.9383    0.9992    0.9678      1325
Self-Blocking Bricks     0.9248    0.9668    0.9454      3677
             Shadows     0.9444    0.7569    0.8403       942

            accuracy                         0.9554     42731
           macro avg     0.9288    0.9354    0.9285     42731
        weighted avg     0.9576    0.9554    0.9547     42731


============================================================
🚀 LEADERBOARD (All Configs)
============================================================
Rank | Config                    | Mean OA    | Std Dev    | Cls Params(M)   | Runs (OA)
-----------------------------------------------------------------------------------------------
1    | t[180,225,245,345,400]_l[4] | 92.81%    | 3.01%    | 1.0181          | [95.0,93.9,95.4,90.4,85.2,95.5,94.8,91.5,94.0,92.3]
2    | t[180,225,245,285,400]_l[4] | 92.80%    | 2.57%    | 1.0181          | [94.2,93.2,95.8,92.3,86.9,95.0,95.4,91.9,93.2,90.2]
3    | t[225,245,325,366,400]_l[4] | 92.79%    | 2.67%    | 1.0181          | [93.5,94.2,95.7,91.7,86.2,95.3,95.1,92.8,92.8,90.8]
4    | t[180,245,305,325,400]_l[4] | 92.79%    | 2.43%    | 1.0181          | [93.0,93.9,95.1,91.0,86.7,95.3,95.1,93.0,93.0,91.8]
5    | t[180,225,245,366,400]_l[4] | 92.68%    | 2.71%    | 1.0181          | [94.1,94.1,95.9,90.1,86.3,95.5,94.4,91.7,92.5,92.3]
6    | t[245,265,325,345,400]_l[4] | 92.67%    | 2.82%    | 1.0181          | [92.9,94.3,94.9,91.4,85.8,95.7,95.0,90.5,94.2,91.8]
7    | t[180,225,245,265,400]_l[4] | 92.66%    | 2.76%    | 1.0181          | [94.2,93.4,96.0,89.6,86.6,95.4,94.9,91.7,93.5,91.4]
8    | t[265,285,325,345,400]_l[4] | 92.64%    | 2.66%    | 1.0181          | [93.7,93.9,95.2,91.9,86.1,95.4,94.7,91.6,93.3,90.5]
9    | t[180,225,285,366,400]_l[4] | 92.62%    | 2.83%    | 1.0181          | [94.0,94.0,95.8,89.8,86.2,95.3,94.8,92.7,93.0,90.5]
10   | t[180,305,325,366,400]_l[4] | 92.62%    | 2.70%    | 1.0181          | [94.2,93.0,95.2,90.7,86.1,95.4,95.1,93.1,92.5,90.9]
11   | t[245,285,305,366,400]_l[4] | 92.62%    | 2.77%    | 1.0181          | [94.8,94.0,95.1,90.1,86.0,95.0,94.4,92.4,93.7,90.6]
12   | t[225,285,305,325,366]_l[4] | 92.61%    | 2.62%    | 1.0181          | [93.8,93.8,96.0,91.9,86.5,94.9,94.0,89.7,92.5,92.9]
13   | t[245,265,305,366,400]_l[4] | 92.59%    | 3.06%    | 1.0181          | [93.0,92.9,95.4,90.8,84.5,95.5,94.8,92.6,94.3,92.1]
14   | t[225,245,265,345,366]_l[4] | 92.56%    | 2.35%    | 1.0181          | [93.7,93.0,95.5,92.0,87.0,95.3,94.1,91.1,92.8,91.1]
15   | t[180,245,325,345,400]_l[4] | 92.55%    | 2.86%    | 1.0181          | [93.8,93.3,94.8,89.5,85.8,95.5,95.5,91.7,93.5,92.1]
16   | t[245,325,345,366,400]_l[4] | 92.55%    | 2.90%    | 1.0181          | [94.6,92.4,95.5,89.1,85.8,95.2,95.1,92.0,93.1,92.5]
17   | t[225,285,305,325,400]_l[4] | 92.54%    | 2.95%    | 1.0181          | [94.4,93.1,96.2,90.6,85.7,95.3,95.1,90.7,91.3,93.1]
18   | t[225,245,265,305,345]_l[4] | 92.54%    | 2.67%    | 1.0181          | [93.3,93.3,95.7,91.7,86.0,95.2,95.1,90.6,92.1,92.6]
19   | t[245,265,305,325,366]_l[4] | 92.54%    | 2.68%    | 1.0181          | [93.4,93.8,95.2,91.0,85.5,95.2,94.1,91.6,92.7,93.0]
20   | t[180,245,305,325,366]_l[4] | 92.53%    | 2.29%    | 1.0181          | [93.4,94.0,95.0,90.6,87.6,95.2,94.3,90.7,93.1,91.5]
21   | t[180,225,245,325,400]_l[4] | 92.52%    | 2.61%    | 1.0181          | [93.9,93.5,95.0,90.2,86.7,95.0,95.6,90.9,93.0,91.4]
22   | t[180,225,245,285,366]_l[4] | 92.51%    | 2.68%    | 1.0181          | [93.9,93.6,96.0,91.0,86.5,94.9,94.1,90.8,94.1,90.3]
23   | t[245,305,345,366,400]_l[4] | 92.48%    | 2.64%    | 1.0181          | [93.9,92.4,95.5,90.9,86.7,95.6,94.7,93.0,92.4,89.5]
24   | t[180,245,305,366,400]_l[4] | 92.47%    | 2.91%    | 1.0181          | [93.5,93.2,95.6,91.0,85.0,95.0,95.0,93.3,92.2,91.0]
25   | t[245,265,325,366,400]_l[4] | 92.46%    | 2.56%    | 1.0181          | [94.2,93.0,95.4,88.2,88.0,95.4,94.6,92.4,92.6,90.7]
26   | t[245,265,305,345,400]_l[4] | 92.46%    | 2.90%    | 1.0181          | [93.4,93.8,95.1,90.3,85.0,94.9,94.5,90.7,93.5,93.3]
27   | t[180,225,245,285,305]_l[4] | 92.46%    | 2.77%    | 1.0181          | [93.8,93.0,95.4,91.6,85.6,95.4,94.1,91.3,93.9,90.6]
28   | t[225,265,305,345,400]_l[4] | 92.46%    | 2.73%    | 1.0181          | [93.2,93.4,95.4,91.5,85.9,95.5,94.5,91.5,93.4,90.3]
29   | t[180,225,245,305,400]_l[4] | 92.45%    | 2.68%    | 1.0181          | [94.2,93.4,95.0,91.1,86.5,95.3,95.4,90.4,92.7,90.6]
30   | t[265,285,305,325,400]_l[4] | 92.45%    | 3.05%    | 1.0181          | [93.8,93.9,95.9,87.9,85.9,95.4,94.7,91.7,92.8,92.5]
31   | t[180,265,325,345,400]_l[4] | 92.44%    | 2.86%    | 1.0181          | [93.4,93.8,95.0,91.5,85.7,95.6,95.3,89.7,92.8,91.7]
32   | t[180,285,305,366,400]_l[4] | 92.43%    | 2.90%    | 1.0181          | [93.4,94.0,95.5,90.5,85.6,95.7,95.1,92.0,91.8,90.7]
33   | t[245,285,325,366,400]_l[4] | 92.43%    | 3.26%    | 1.0181          | [94.5,94.4,95.7,88.0,85.4,95.6,94.7,90.7,93.5,91.9]
34   | t[180,225,265,305,345]_l[4] | 92.43%    | 2.70%    | 1.0181          | [93.6,92.9,95.8,91.1,85.6,95.0,94.3,91.5,92.6,92.1]
35   | t[180,245,285,325,400]_l[4] | 92.43%    | 2.99%    | 1.0181          | [94.5,93.8,94.7,89.4,85.3,95.5,95.0,91.0,93.1,91.9]
36   | t[180,225,265,325,345]_l[4] | 92.41%    | 2.77%    | 1.0181          | [92.6,93.2,96.0,91.6,86.0,95.6,94.9,90.7,92.7,90.9]
37   | t[245,285,325,345,400]_l[4] | 92.41%    | 2.92%    | 1.0181          | [93.4,93.8,95.8,92.3,85.2,95.4,94.2,91.6,92.5,90.0]
38   | t[225,245,265,285,305]_l[4] | 92.41%    | 2.69%    | 1.0181          | [93.8,92.4,95.6,89.6,86.1,95.2,93.6,92.3,93.9,91.6]
39   | t[180,245,265,285,366]_l[4] | 92.40%    | 2.57%    | 1.0181          | [94.1,92.8,95.4,89.5,86.6,95.2,93.7,91.2,92.0,93.5]
40   | t[245,285,305,325,366]_l[4] | 92.40%    | 2.75%    | 1.0181          | [93.3,93.9,95.3,88.3,86.5,95.2,93.9,91.5,93.4,92.6]
41   | t[180,225,325,345,366]_l[4] | 92.40%    | 2.68%    | 1.0181          | [94.0,93.4,95.6,91.0,85.9,95.2,93.9,91.4,92.8,90.8]
42   | t[245,305,325,345,400]_l[4] | 92.39%    | 2.97%    | 1.0181          | [94.0,93.7,95.0,90.7,85.2,95.7,94.7,91.8,93.0,90.2]
43   | t[265,285,305,325,345]_l[4] | 92.39%    | 2.46%    | 1.0181          | [92.8,93.2,95.4,91.9,86.5,95.0,94.8,91.1,91.6,91.4]
44   | t[180,225,245,265,366]_l[4] | 92.38%    | 3.03%    | 1.0181          | [94.0,93.9,96.1,89.8,85.9,95.0,94.6,90.1,94.1,90.3]
45   | t[225,305,325,345,400]_l[4] | 92.38%    | 2.89%    | 1.0181          | [94.1,93.5,95.5,90.3,85.3,95.4,94.5,91.7,92.0,91.6]
46   | t[180,245,265,325,366]_l[4] | 92.38%    | 2.53%    | 1.0181          | [94.0,93.7,95.5,89.6,87.4,95.2,94.3,90.7,92.6,90.8]
47   | t[180,225,325,366,400]_l[4] | 92.38%    | 3.14%    | 1.0181          | [94.4,94.0,95.1,89.4,85.5,95.6,95.4,91.1,93.4,89.8]
48   | t[225,245,285,305,400]_l[4] | 92.37%    | 2.83%    | 1.0181          | [94.3,93.5,94.8,87.2,87.3,95.6,94.5,91.3,93.1,92.2]
49   | t[245,265,285,366,400]_l[4] | 92.37%    | 2.83%    | 1.0181          | [93.5,94.0,95.5,91.6,85.7,95.4,94.2,90.3,93.1,90.4]
50   | t[225,265,305,366,400]_l[4] | 92.37%    | 2.77%    | 1.0181          | [93.6,92.7,95.6,89.0,86.3,95.1,94.8,90.6,93.0,92.9]
51   | t[245,285,305,325,400]_l[4] | 92.37%    | 3.24%    | 1.0181          | [92.7,93.6,95.6,88.5,84.7,95.8,94.5,92.6,91.9,93.8]
52   | t[180,225,285,305,345]_l[4] | 92.36%    | 2.92%    | 1.0181          | [93.8,92.7,95.5,91.5,84.7,95.0,94.6,91.9,92.5,91.4]
53   | t[180,225,305,325,400]_l[4] | 92.36%    | 2.62%    | 1.0181          | [93.3,93.7,94.9,89.7,86.6,95.2,94.9,90.5,93.3,91.6]
54   | t[180,225,305,366,400]_l[4] | 92.36%    | 3.13%    | 1.0181          | [93.8,94.1,95.9,88.8,85.8,95.4,95.1,91.9,93.1,89.7]
55   | t[305,325,345,366,400]_l[4] | 92.36%    | 2.65%    | 1.0181          | [94.1,92.9,94.7,90.0,86.2,95.0,94.4,91.0,94.1,91.1]
56   | t[180,225,325,345,400]_l[4] | 92.35%    | 2.74%    | 1.0181          | [93.8,93.4,95.0,91.4,87.1,95.3,95.5,90.7,92.9,88.5]
57   | t[225,285,325,366,400]_l[4] | 92.35%    | 3.46%    | 1.0181          | [94.3,93.8,95.5,91.7,84.6,95.7,94.7,93.8,92.2,87.3]
58   | t[225,245,265,305,366]_l[4] | 92.35%    | 2.56%    | 1.0181          | [94.2,93.6,95.4,89.9,86.8,95.3,93.7,90.5,91.6,92.5]
59   | t[225,285,305,366,400]_l[4] | 92.34%    | 2.63%    | 1.0181          | [93.4,93.8,95.4,90.1,86.6,95.1,94.8,92.3,92.0,90.0]
60   | t[225,245,285,325,345]_l[4] | 92.34%    | 3.00%    | 1.0181          | [92.8,92.8,95.9,90.2,84.7,94.7,95.0,93.6,91.8,91.9]
61   | t[245,305,325,366,400]_l[4] | 92.34%    | 3.13%    | 1.0181          | [94.6,93.0,95.5,87.2,86.0,95.5,94.8,92.7,91.9,92.3]
62   | t[180,225,245,265,305]_l[4] | 92.33%    | 2.74%    | 1.0181          | [93.5,93.4,95.6,89.8,86.2,95.2,94.3,91.4,93.6,90.3]
63   | t[180,245,305,325,345]_l[4] | 92.33%    | 2.44%    | 1.0181          | [93.5,93.3,95.6,91.0,87.3,95.1,94.0,92.2,92.1,89.2]
64   | t[180,265,285,305,400]_l[4] | 92.32%    | 2.75%    | 1.0181          | [93.7,93.8,94.8,89.8,85.6,95.2,94.6,91.9,92.2,91.6]
65   | t[180,305,345,366,400]_l[4] | 92.32%    | 2.83%    | 1.0181          | [93.3,93.0,95.5,92.3,85.9,95.5,94.9,90.5,92.5,89.7]
66   | t[265,285,345,366,400]_l[4] | 92.32%    | 3.21%    | 1.0181          | [94.1,94.1,95.9,91.2,84.8,95.6,94.5,91.2,92.4,89.4]
67   | t[225,245,305,325,366]_l[4] | 92.31%    | 2.62%    | 1.0181          | [93.5,93.9,95.3,89.2,86.7,94.8,94.2,90.0,92.9,92.8]
68   | t[180,245,305,345,366]_l[4] | 92.31%    | 2.86%    | 1.0181          | [94.0,93.1,95.5,87.4,87.5,95.0,94.9,89.9,92.7,93.0]
69   | t[180,285,325,345,400]_l[4] | 92.30%    | 3.04%    | 1.0181          | [94.1,93.4,95.1,90.8,84.8,95.3,94.6,91.1,93.7,90.1]
70   | t[225,265,285,325,345]_l[4] | 92.30%    | 2.55%    | 1.0181          | [93.0,92.6,95.5,91.4,86.0,94.9,94.6,92.1,91.8,91.2]
71   | t[225,285,305,325,345]_l[4] | 92.29%    | 2.40%    | 1.0181          | [93.3,93.0,95.5,90.9,86.8,94.9,94.2,90.7,91.8,91.7]
72   | t[180,245,265,366,400]_l[4] | 92.29%    | 2.81%    | 1.0181          | [93.6,93.1,95.4,90.0,85.4,95.2,94.2,91.6,93.2,91.3]
73   | t[180,225,305,325,345]_l[4] | 92.28%    | 2.76%    | 1.0181          | [93.0,93.4,95.1,91.7,85.8,95.6,94.6,90.5,92.9,90.2]
74   | t[180,325,345,366,400]_l[4] | 92.28%    | 2.86%    | 1.0181          | [93.9,91.6,95.1,88.9,85.6,95.3,94.6,92.3,93.2,92.3]
75   | t[180,225,245,325,345]_l[4] | 92.28%    | 2.92%    | 1.0181          | [93.8,92.8,95.9,90.4,86.7,95.2,95.2,92.1,92.5,88.2]
76   | t[225,265,305,325,345]_l[4] | 92.27%    | 2.55%    | 1.0181          | [93.0,92.4,95.6,90.6,86.3,95.3,94.0,91.0,92.8,91.8]
77   | t[225,245,265,285,345]_l[4] | 92.27%    | 2.51%    | 1.0181          | [93.4,92.9,95.8,89.6,86.6,94.6,93.5,92.8,92.7,90.7]
78   | t[180,245,285,366,400]_l[4] | 92.27%    | 3.23%    | 1.0181          | [93.7,93.0,95.4,88.1,84.7,95.5,94.7,92.1,92.2,93.2]
79   | t[225,245,285,345,400]_l[4] | 92.26%    | 2.89%    | 1.0181          | [93.5,93.8,95.5,88.2,86.7,95.1,95.0,90.2,93.2,91.4]
80   | t[225,265,285,325,366]_l[4] | 92.26%    | 2.75%    | 1.0181          | [93.6,93.6,95.8,89.2,86.8,95.7,93.9,89.9,91.6,92.4]
81   | t[265,285,305,325,366]_l[4] | 92.26%    | 2.77%    | 1.0181          | [93.3,94.3,95.8,90.2,86.3,95.4,93.9,90.6,92.6,90.3]
82   | t[225,245,325,345,400]_l[4] | 92.25%    | 2.50%    | 1.0181          | [92.9,93.4,95.1,90.5,86.6,94.9,94.7,92.3,92.0,90.2]
83   | t[245,265,285,305,325]_l[4] | 92.25%    | 2.82%    | 1.0181          | [93.3,93.3,95.6,88.8,86.2,95.3,94.7,91.7,92.8,90.9]
84   | t[180,245,265,325,400]_l[4] | 92.25%    | 2.77%    | 1.0181          | [94.3,93.2,95.1,88.8,86.6,95.3,94.4,90.7,93.6,90.6]
85   | t[180,225,285,325,345]_l[4] | 92.25%    | 2.68%    | 1.0181          | [93.2,93.4,94.6,90.8,85.6,95.3,94.7,90.5,92.3,91.9]
86   | t[180,245,265,285,345]_l[4] | 92.24%    | 2.99%    | 1.0181          | [93.4,92.7,95.8,91.8,85.9,95.0,94.9,92.6,92.5,87.8]
87   | t[180,225,265,325,366]_l[4] | 92.24%    | 3.32%    | 1.0181          | [94.3,93.1,96.0,85.3,87.5,95.3,95.3,91.4,91.2,92.9]
88   | t[265,285,305,366,400]_l[4] | 92.24%    | 3.11%    | 1.0181          | [94.0,94.2,95.3,90.3,85.1,95.5,95.0,91.2,92.3,89.6]
89   | t[225,245,305,345,366]_l[4] | 92.23%    | 2.20%    | 1.0181          | [92.5,93.3,94.9,89.5,87.8,94.9,93.9,90.8,93.2,91.5]
90   | t[180,225,285,345,400]_l[4] | 92.23%    | 2.92%    | 1.0181          | [94.1,93.9,94.5,90.1,85.5,95.1,94.8,89.3,92.9,92.2]
91   | t[225,265,285,305,400]_l[4] | 92.23%    | 2.97%    | 1.0181          | [93.8,92.7,95.8,89.0,85.4,95.3,94.4,90.8,92.0,93.0]
92   | t[180,305,325,345,400]_l[4] | 92.23%    | 3.07%    | 1.0181          | [93.5,93.3,95.4,88.0,85.5,95.9,94.3,91.7,92.9,91.7]
93   | t[265,305,325,366,400]_l[4] | 92.23%    | 2.91%    | 1.0181          | [93.2,93.3,95.3,91.4,85.3,95.3,94.8,90.4,93.1,90.2]
94   | t[180,225,305,325,366]_l[4] | 92.22%    | 2.78%    | 1.0181          | [93.1,94.0,95.8,89.5,87.0,95.5,94.7,90.1,92.3,90.2]
95   | t[180,265,285,305,345]_l[4] | 92.22%    | 2.56%    | 1.0181          | [93.6,93.2,95.4,91.2,86.7,95.1,93.7,92.6,91.6,89.2]
96   | t[245,265,305,325,400]_l[4] | 92.21%    | 2.85%    | 1.0181          | [94.4,93.2,95.2,89.5,85.7,95.3,94.2,91.1,92.7,90.8]
97   | t[285,305,345,366,400]_l[4] | 92.21%    | 3.03%    | 1.0181          | [93.4,92.8,95.2,91.8,85.0,95.4,95.3,91.4,92.5,89.4]
98   | t[285,305,325,366,400]_l[4] | 92.21%    | 3.12%    | 1.0181          | [94.2,92.6,95.6,90.2,85.1,95.5,94.7,92.1,92.8,89.2]
99   | t[225,245,305,366,400]_l[4] | 92.21%    | 3.29%    | 1.0181          | [93.5,93.2,95.3,86.3,85.9,95.6,94.8,91.7,93.9,91.8]
100  | t[225,245,345,366,400]_l[4] | 92.20%    | 2.83%    | 1.0181          | [94.3,94.2,94.5,89.2,86.8,95.7,94.3,91.6,92.6,88.9]
101  | t[245,265,305,325,345]_l[4] | 92.20%    | 2.61%    | 1.0181          | [92.8,93.2,95.5,90.5,86.2,94.7,94.1,92.3,92.9,89.7]
102  | t[180,265,325,345,366]_l[4] | 92.20%    | 2.51%    | 1.0181          | [93.3,92.9,94.8,90.3,86.2,95.1,94.2,91.2,92.6,91.4]
103  | t[285,325,345,366,400]_l[4] | 92.20%    | 3.33%    | 1.0181          | [94.7,92.6,95.5,86.1,85.7,95.4,93.8,92.9,92.2,93.1]
104  | t[225,265,285,366,400]_l[4] | 92.19%    | 3.09%    | 1.0181          | [93.3,93.6,96.2,89.8,85.2,95.4,94.1,92.7,92.3,89.4]
105  | t[180,225,265,285,345]_l[4] | 92.19%    | 2.75%    | 1.0181          | [93.9,92.8,95.5,90.6,86.4,95.3,93.8,92.3,92.7,88.6]
106  | t[180,225,285,325,400]_l[4] | 92.19%    | 2.92%    | 1.0181          | [93.6,93.4,95.0,89.0,86.2,95.4,95.7,91.4,92.3,90.0]
107  | t[180,245,285,325,345]_l[4] | 92.18%    | 3.01%    | 1.0181          | [93.2,92.8,95.5,90.7,85.2,95.1,94.8,93.6,91.9,89.1]
108  | t[225,245,285,305,366]_l[4] | 92.18%    | 3.00%    | 1.0181          | [93.8,94.0,96.2,88.4,86.1,95.1,94.3,90.8,91.9,91.1]
109  | t[265,325,345,366,400]_l[4] | 92.18%    | 2.83%    | 1.0181          | [93.5,93.2,95.3,92.0,85.4,95.5,94.4,90.8,91.3,90.5]
110  | t[245,285,305,345,400]_l[4] | 92.18%    | 2.83%    | 1.0181          | [94.5,93.2,95.5,88.7,87.3,95.4,94.7,90.9,92.3,89.2]
111  | t[245,265,285,325,400]_l[4] | 92.17%    | 2.89%    | 1.0181          | [92.9,93.7,95.1,89.3,85.6,94.9,94.5,89.5,93.4,92.9]
112  | t[225,245,265,325,366]_l[4] | 92.16%    | 2.55%    | 1.0181          | [93.1,93.5,95.8,89.3,87.1,95.2,93.9,90.9,92.0,90.9]
113  | t[180,225,245,345,366]_l[4] | 92.16%    | 2.70%    | 1.0181          | [93.7,93.4,95.3,90.0,86.4,95.0,94.5,91.0,92.6,89.7]
114  | t[245,265,285,305,345]_l[4] | 92.15%    | 2.99%    | 1.0181          | [93.2,93.1,95.9,90.7,84.9,95.2,94.7,91.6,91.9,90.3]
115  | t[225,285,305,345,400]_l[4] | 92.15%    | 2.95%    | 1.0181          | [93.2,92.9,95.7,88.9,85.8,95.3,94.2,89.4,93.0,93.0]
116  | t[225,285,325,345,400]_l[4] | 92.15%    | 2.86%    | 1.0181          | [93.8,92.5,95.6,91.2,85.8,95.2,94.7,91.3,92.2,89.2]
117  | t[225,245,265,325,345]_l[4] | 92.15%    | 2.66%    | 1.0181          | [93.5,92.9,95.9,91.1,87.6,95.1,94.6,90.3,92.1,88.4]
118  | t[180,245,285,305,400]_l[4] | 92.13%    | 3.01%    | 1.0181          | [94.2,92.7,95.5,88.5,86.0,95.2,94.8,91.7,93.0,89.6]
119  | t[180,225,245,325,366]_l[4] | 92.13%    | 2.78%    | 1.0181          | [94.0,93.0,95.8,91.6,86.3,95.2,93.9,90.9,91.9,88.7]
120  | t[225,265,305,325,400]_l[4] | 92.13%    | 3.14%    | 1.0181          | [93.1,93.2,95.3,89.2,85.3,95.4,94.5,88.7,92.4,94.0]
121  | t[180,265,285,366,400]_l[4] | 92.12%    | 3.17%    | 1.0181          | [93.8,94.3,95.7,89.9,85.0,95.3,94.2,91.2,92.6,89.2]
122  | t[180,225,265,366,400]_l[4] | 92.12%    | 3.15%    | 1.0181          | [94.2,93.1,95.9,90.4,86.0,95.3,94.5,91.9,92.7,87.3]
123  | t[265,305,325,345,400]_l[4] | 92.12%    | 2.96%    | 1.0181          | [92.8,92.4,95.0,90.0,85.0,95.2,94.5,89.8,93.5,93.0]
124  | t[225,245,265,366,400]_l[4] | 92.12%    | 3.03%    | 1.0181          | [93.5,93.6,95.7,90.3,86.1,95.5,94.5,92.0,92.2,87.9]
125  | t[180,285,305,325,400]_l[4] | 92.11%    | 3.11%    | 1.0181          | [94.2,93.2,95.6,89.5,85.6,95.4,94.9,90.8,92.7,89.2]
126  | t[180,265,305,345,400]_l[4] | 92.11%    | 3.06%    | 1.0181          | [93.7,93.9,95.0,90.3,84.8,95.2,94.3,90.9,93.3,89.6]
127  | t[180,245,285,325,366]_l[4] | 92.10%    | 2.78%    | 1.0181          | [93.2,93.7,94.8,87.0,87.3,95.4,94.2,91.6,92.1,91.6]
128  | t[180,265,305,325,400]_l[4] | 92.10%    | 3.05%    | 1.0181          | [93.0,93.7,95.0,90.1,85.3,95.7,95.1,91.0,92.8,89.4]
129  | t[225,265,345,366,400]_l[4] | 92.10%    | 3.06%    | 1.0181          | [94.4,92.3,95.2,92.3,85.3,95.5,94.0,91.7,92.3,88.1]
130  | t[180,225,245,305,366]_l[4] | 92.09%    | 2.90%    | 1.0181          | [93.8,93.1,95.5,88.9,85.9,95.2,94.5,91.1,92.5,90.4]
131  | t[225,265,325,345,400]_l[4] | 92.09%    | 3.13%    | 1.0181          | [93.0,93.6,95.2,91.1,85.3,95.7,94.8,91.2,93.0,88.1]
132  | t[180,225,265,285,305]_l[4] | 92.09%    | 2.71%    | 1.0181          | [93.6,92.8,95.8,89.4,86.2,95.3,93.6,91.5,92.2,90.4]
133  | t[225,265,285,345,366]_l[4] | 92.09%    | 2.96%    | 1.0181          | [94.2,92.8,95.3,88.5,85.9,95.0,94.1,89.4,92.6,93.1]
134  | t[180,285,325,366,400]_l[4] | 92.09%    | 3.06%    | 1.0181          | [93.5,93.1,95.3,91.8,85.5,95.8,94.5,90.8,92.4,88.2]
135  | t[180,225,285,305,325]_l[4] | 92.08%    | 2.64%    | 1.0181          | [93.6,92.5,95.8,90.3,86.4,95.0,94.1,91.6,91.5,89.9]
136  | t[225,245,265,345,400]_l[4] | 92.08%    | 2.66%    | 1.0181          | [92.7,92.5,95.1,91.7,85.9,95.0,94.5,90.9,92.8,89.7]
137  | t[180,265,285,325,366]_l[4] | 92.07%    | 2.98%    | 1.0181          | [95.0,93.2,95.6,87.7,86.4,94.8,93.9,90.8,92.8,90.5]
138  | t[180,265,285,305,366]_l[4] | 92.07%    | 2.84%    | 1.0181          | [93.7,93.7,95.3,90.2,85.8,95.4,94.1,90.8,91.8,89.9]
139  | t[265,285,325,366,400]_l[4] | 92.06%    | 3.21%    | 1.0181          | [93.3,93.8,95.6,88.8,84.5,95.7,94.0,92.3,91.7,90.8]
140  | t[180,225,345,366,400]_l[4] | 92.05%    | 3.40%    | 1.0181          | [93.6,94.5,95.9,88.9,87.5,95.6,94.9,91.1,92.9,85.8]
141  | t[180,265,285,325,400]_l[4] | 92.05%    | 2.96%    | 1.0181          | [93.0,93.5,95.4,89.2,85.6,95.0,95.0,90.1,92.8,90.9]
142  | t[180,245,265,345,366]_l[4] | 92.05%    | 3.05%    | 1.0181          | [93.9,93.6,95.6,91.0,85.3,95.0,94.3,90.2,92.8,88.8]
143  | t[180,245,265,325,345]_l[4] | 92.04%    | 3.02%    | 1.0181          | [93.6,93.2,95.5,88.9,85.4,95.3,94.4,91.9,92.4,89.9]
144  | t[245,285,305,325,345]_l[4] | 92.03%    | 2.89%    | 1.0181          | [93.3,93.7,95.7,88.7,86.4,95.4,94.1,89.3,91.8,92.0]
145  | t[180,225,265,325,400]_l[4] | 92.03%    | 3.16%    | 1.0181          | [93.7,93.6,95.4,87.8,85.6,95.4,94.3,89.4,92.4,92.7]
146  | t[225,245,265,285,366]_l[4] | 92.03%    | 2.78%    | 1.0181          | [93.5,94.0,95.0,86.8,87.4,94.9,93.5,90.8,93.0,91.3]
147  | t[245,285,305,345,366]_l[4] | 92.03%    | 2.98%    | 1.0181          | [93.5,93.8,95.4,88.6,85.1,94.9,93.7,90.6,92.5,92.1]
148  | t[225,245,325,345,366]_l[4] | 92.03%    | 2.57%    | 1.0181          | [93.5,92.5,95.6,87.2,88.1,94.3,94.3,91.5,92.8,90.7]
149  | t[225,325,345,366,400]_l[4] | 92.02%    | 3.03%    | 1.0181          | [94.7,93.0,95.5,87.5,86.8,95.4,94.6,90.3,92.2,90.4]
150  | t[180,225,285,305,400]_l[4] | 92.02%    | 3.21%    | 1.0181          | [93.9,93.3,94.6,87.5,85.4,95.7,95.3,90.6,92.2,91.8]
151  | t[180,245,265,305,345]_l[4] | 92.02%    | 3.07%    | 1.0181          | [93.8,92.5,95.2,89.8,84.7,95.5,94.8,90.4,92.1,91.5]
152  | t[180,225,265,285,400]_l[4] | 92.02%    | 2.93%    | 1.0181          | [93.9,92.3,95.1,89.0,86.3,95.3,95.1,90.6,93.3,89.3]
153  | t[245,265,285,325,345]_l[4] | 92.02%    | 2.75%    | 1.0181          | [93.6,93.3,94.9,90.1,85.6,94.8,94.5,90.8,91.7,90.8]
154  | t[225,265,285,305,325]_l[4] | 92.01%    | 3.17%    | 1.0181          | [93.0,93.2,96.3,87.4,85.8,95.1,94.4,90.2,91.8,93.0]
155  | t[225,285,345,366,400]_l[4] | 92.01%    | 3.63%    | 1.0181          | [94.2,93.1,95.8,90.6,85.1,95.7,94.7,92.9,92.3,85.7]
156  | t[180,225,245,285,325]_l[4] | 92.01%    | 3.21%    | 1.0181          | [94.0,93.2,95.6,89.8,86.4,94.8,95.2,90.9,93.4,86.8]
157  | t[225,265,285,305,366]_l[4] | 92.01%    | 2.82%    | 1.0181          | [93.2,93.0,95.8,91.0,85.5,95.4,93.7,90.5,92.1,90.1]
158  | t[180,245,285,305,345]_l[4] | 92.01%    | 3.00%    | 1.0181          | [93.3,93.4,95.5,88.9,85.3,95.0,93.9,92.2,92.9,89.6]
159  | t[225,265,305,325,366]_l[4] | 92.00%    | 2.83%    | 1.0181          | [93.5,93.7,95.5,89.0,85.5,94.5,93.9,91.0,92.4,91.1]
160  | t[180,245,305,345,400]_l[4] | 92.00%    | 3.05%    | 1.0181          | [94.0,93.6,94.8,87.7,85.6,94.9,94.6,91.5,92.9,90.3]
161  | t[225,245,265,305,400]_l[4] | 92.00%    | 2.88%    | 1.0181          | [93.6,93.3,94.9,87.2,87.0,94.8,94.9,91.6,92.9,89.7]
162  | t[180,245,325,345,366]_l[4] | 91.99%    | 3.25%    | 1.0181          | [93.6,93.6,95.4,87.3,85.6,95.6,94.5,89.5,92.7,92.1]
163  | t[225,265,325,366,400]_l[4] | 91.99%    | 3.29%    | 1.0181          | [93.9,93.2,96.0,89.3,85.2,95.2,94.7,92.3,92.2,88.0]
164  | t[225,265,285,345,400]_l[4] | 91.98%    | 3.07%    | 1.0181          | [93.7,93.8,94.8,89.4,85.3,95.6,94.6,89.8,92.6,90.3]
165  | t[180,225,305,345,366]_l[4] | 91.98%    | 3.11%    | 1.0181          | [94.1,93.0,96.1,87.6,86.2,95.0,93.9,91.3,93.3,89.3]
166  | t[245,265,285,305,400]_l[4] | 91.97%    | 3.08%    | 1.0181          | [93.9,92.8,94.8,87.3,85.6,95.3,94.4,90.4,93.0,92.3]
167  | t[180,245,345,366,400]_l[4] | 91.96%    | 3.06%    | 1.0181          | [93.2,93.7,95.1,90.1,88.0,95.3,94.5,91.5,92.6,85.5]
168  | t[225,245,305,325,345]_l[4] | 91.96%    | 2.97%    | 1.0181          | [93.3,93.0,95.7,88.9,85.8,95.2,94.4,91.0,92.7,89.4]
169  | t[225,265,305,345,366]_l[4] | 91.96%    | 3.11%    | 1.0181          | [93.5,93.5,95.6,89.8,85.8,95.3,94.5,90.5,93.0,88.1]
170  | t[245,265,325,345,366]_l[4] | 91.95%    | 2.88%    | 1.0181          | [92.7,92.6,95.3,88.9,86.3,95.4,94.2,89.9,94.2,90.0]
171  | t[180,245,285,305,325]_l[4] | 91.95%    | 3.15%    | 1.0181          | [94.5,91.8,95.7,88.6,86.4,95.1,94.2,91.5,94.0,87.8]
172  | t[225,265,285,325,400]_l[4] | 91.95%    | 3.10%    | 1.0181          | [92.6,93.6,95.4,88.0,85.5,95.5,94.9,91.2,92.3,90.5]
173  | t[180,225,245,305,345]_l[4] | 91.95%    | 3.04%    | 1.0181          | [93.8,92.9,95.1,91.1,86.1,94.7,95.5,90.8,92.1,87.3]
174  | t[245,265,285,325,366]_l[4] | 91.94%    | 2.72%    | 1.0181          | [93.0,93.4,94.7,89.3,86.4,95.0,93.8,90.2,94.0,89.6]
175  | t[180,265,345,366,400]_l[4] | 91.94%    | 3.14%    | 1.0181          | [94.1,92.9,95.3,89.6,85.6,95.2,94.0,91.9,93.4,87.5]
176  | t[245,285,345,366,400]_l[4] | 91.94%    | 3.24%    | 1.0181          | [93.5,94.1,95.5,90.1,85.8,95.4,94.3,91.6,92.3,86.9]
177  | t[225,245,265,285,400]_l[4] | 91.94%    | 2.96%    | 1.0181          | [93.7,93.2,95.3,88.0,86.7,94.8,94.5,90.7,93.6,88.9]
178  | t[180,265,325,366,400]_l[4] | 91.94%    | 3.34%    | 1.0181          | [93.5,93.0,95.6,88.5,85.4,95.7,94.5,92.8,92.6,87.7]
179  | t[180,285,305,345,366]_l[4] | 91.93%    | 3.32%    | 1.0181          | [93.9,93.7,95.7,87.5,84.9,95.4,93.9,90.6,92.8,91.0]
180  | t[265,305,325,345,366]_l[4] | 91.92%    | 3.03%    | 1.0181          | [93.5,92.7,95.9,88.7,85.2,95.3,93.5,90.6,92.6,91.2]
181  | t[180,245,285,305,366]_l[4] | 91.92%    | 2.98%    | 1.0181          | [93.8,93.5,95.9,86.8,87.6,95.2,93.8,89.6,92.9,90.2]
182  | t[180,225,265,345,400]_l[4] | 91.90%    | 3.09%    | 1.0181          | [93.5,92.6,95.0,92.2,85.4,95.3,94.6,89.3,93.0,88.1]
183  | t[225,245,265,325,400]_l[4] | 91.90%    | 2.74%    | 1.0181          | [92.9,92.1,95.6,88.3,86.7,95.1,94.6,90.7,92.3,90.7]
184  | t[180,245,265,285,305]_l[4] | 91.90%    | 3.11%    | 1.0181          | [93.2,92.6,95.8,89.1,85.8,95.2,94.1,90.8,94.0,88.3]
185  | t[180,225,245,285,345]_l[4] | 91.90%    | 3.22%    | 1.0181          | [93.7,92.9,95.3,91.8,85.9,94.7,94.5,91.5,92.7,85.9]
186  | t[245,265,345,366,400]_l[4] | 91.90%    | 3.25%    | 1.0181          | [93.7,92.9,94.8,91.0,84.2,95.4,93.7,91.8,93.4,88.1]
187  | t[265,285,305,345,366]_l[4] | 91.89%    | 3.14%    | 1.0181          | [92.6,93.6,95.7,88.3,85.1,95.0,93.8,89.2,92.8,92.8]
188  | t[180,245,285,345,400]_l[4] | 91.88%    | 3.07%    | 1.0181          | [94.2,91.9,94.7,88.7,84.7,94.9,94.5,90.8,92.8,91.6]
189  | t[180,245,325,366,400]_l[4] | 91.88%    | 3.69%    | 1.0181          | [94.1,93.1,95.6,85.1,84.9,94.9,95.0,92.8,92.6,90.8]
190  | t[225,245,285,325,366]_l[4] | 91.88%    | 2.63%    | 1.0181          | [93.7,93.4,95.4,87.9,87.5,94.3,94.1,90.2,91.8,90.3]
191  | t[180,285,305,325,366]_l[4] | 91.87%    | 3.01%    | 1.0181          | [93.1,94.2,95.5,88.2,86.4,95.6,94.0,90.3,91.8,89.5]
192  | t[225,245,265,305,325]_l[4] | 91.87%    | 2.83%    | 1.0181          | [93.4,92.8,96.2,89.5,86.7,95.0,94.2,90.0,91.7,89.3]
193  | t[180,285,305,325,345]_l[4] | 91.86%    | 3.17%    | 1.0181          | [93.2,93.2,95.8,88.1,85.5,95.1,94.5,92.3,92.1,88.9]
194  | t[180,305,325,345,366]_l[4] | 91.85%    | 3.30%    | 1.0181          | [94.3,92.6,95.5,89.6,84.9,95.5,94.2,91.4,92.6,88.0]
195  | t[180,225,245,265,345]_l[4] | 91.84%    | 3.21%    | 1.0181          | [93.9,92.5,95.2,90.4,85.4,94.8,94.2,91.7,93.6,86.8]
196  | t[225,285,305,345,366]_l[4] | 91.84%    | 2.90%    | 1.0181          | [93.6,93.7,95.3,90.0,86.0,95.2,94.1,90.3,91.5,88.7]
197  | t[180,265,305,325,345]_l[4] | 91.83%    | 2.75%    | 1.0181          | [93.2,91.9,95.5,90.4,85.8,94.9,94.2,89.3,91.8,91.4]
198  | t[225,305,345,366,400]_l[4] | 91.82%    | 3.20%    | 1.0181          | [94.6,93.0,95.7,88.4,85.6,95.3,94.5,90.4,91.5,89.3]
199  | t[180,225,285,325,366]_l[4] | 91.82%    | 2.84%    | 1.0181          | [93.2,93.2,95.4,88.6,87.0,95.5,94.1,90.2,92.0,88.9]
200  | t[180,265,285,325,345]_l[4] | 91.82%    | 3.08%    | 1.0181          | [93.4,92.3,95.2,91.2,85.4,95.4,94.3,91.4,92.3,87.4]
201  | t[245,265,285,305,366]_l[4] | 91.82%    | 2.61%    | 1.0181          | [93.0,93.0,94.6,89.0,86.5,95.0,93.8,89.8,92.8,90.7]
202  | t[180,285,325,345,366]_l[4] | 91.82%    | 3.34%    | 1.0181          | [93.3,93.9,96.3,88.3,84.9,95.2,94.5,89.7,91.8,90.4]
203  | t[180,245,285,345,366]_l[4] | 91.81%    | 3.32%    | 1.0181          | [93.4,93.3,94.7,86.0,85.4,95.0,94.1,90.2,92.7,93.4]
204  | t[180,225,285,305,366]_l[4] | 91.81%    | 3.07%    | 1.0181          | [92.9,93.5,95.6,87.5,85.9,95.5,94.2,90.5,92.2,90.3]
205  | t[225,245,265,285,325]_l[4] | 91.80%    | 2.77%    | 1.0181          | [94.2,91.9,95.5,87.9,87.0,94.5,93.7,90.7,93.1,89.5]
206  | t[225,245,305,345,400]_l[4] | 91.78%    | 3.07%    | 1.0181          | [93.3,92.5,94.6,87.4,85.3,95.3,94.6,91.0,92.8,91.0]
207  | t[180,285,305,345,400]_l[4] | 91.78%    | 3.45%    | 1.0181          | [94.2,93.2,95.5,86.7,85.3,95.4,94.4,89.5,93.1,90.4]
208  | t[225,245,285,305,325]_l[4] | 91.78%    | 2.96%    | 1.0181          | [93.5,92.7,95.3,88.2,86.3,95.1,94.3,91.6,92.3,88.5]
209  | t[245,305,325,345,366]_l[4] | 91.78%    | 3.19%    | 1.0181          | [94.0,92.1,95.4,88.7,84.6,95.2,94.1,90.4,93.0,90.2]
210  | t[180,225,265,285,366]_l[4] | 91.77%    | 3.13%    | 1.0181          | [94.3,92.7,95.6,87.9,86.3,94.9,93.7,92.1,92.8,87.6]
211  | t[180,225,245,265,325]_l[4] | 91.77%    | 3.38%    | 1.0181          | [93.7,92.4,96.0,90.1,85.5,95.2,94.4,90.8,93.2,86.4]
212  | t[225,245,285,366,400]_l[4] | 91.77%    | 3.51%    | 1.0181          | [94.5,93.6,95.5,87.1,85.0,94.9,94.8,91.6,92.3,88.4]
213  | t[180,245,265,305,366]_l[4] | 91.76%    | 3.04%    | 1.0181          | [93.7,91.8,95.2,90.1,86.1,95.2,94.0,92.1,92.6,86.8]
214  | t[225,265,325,345,366]_l[4] | 91.76%    | 3.39%    | 1.0181          | [94.4,93.1,95.7,85.7,86.0,95.3,93.8,90.4,92.7,90.4]
215  | t[180,225,245,305,325]_l[4] | 91.75%    | 3.43%    | 1.0181          | [93.9,93.3,95.6,90.4,86.5,95.2,94.9,90.3,92.2,85.2]
216  | t[180,265,305,325,366]_l[4] | 91.75%    | 3.17%    | 1.0181          | [93.3,93.3,95.6,86.5,86.8,94.9,94.4,91.9,92.3,88.4]
217  | t[180,225,265,285,325]_l[4] | 91.74%    | 2.76%    | 1.0181          | [93.4,91.7,95.8,89.8,86.6,95.0,93.5,90.9,92.5,88.3]
218  | t[180,265,285,345,400]_l[4] | 91.73%    | 3.26%    | 1.0181          | [93.3,93.4,94.9,86.7,85.1,94.7,94.5,90.0,93.1,91.6]
219  | t[180,245,265,305,325]_l[4] | 91.73%    | 3.32%    | 1.0181          | [94.0,93.0,95.2,89.9,86.1,94.9,94.9,91.2,92.5,85.8]
220  | t[285,305,325,345,400]_l[4] | 91.72%    | 3.47%    | 1.0181          | [93.5,92.6,95.5,89.2,86.5,95.6,94.4,92.4,92.6,85.0]
221  | t[225,245,285,325,400]_l[4] | 91.71%    | 2.91%    | 1.0181          | [92.0,92.2,95.2,87.9,85.9,94.8,94.9,90.1,91.4,92.7]
222  | t[180,265,285,345,366]_l[4] | 91.70%    | 2.87%    | 1.0181          | [93.7,92.9,95.4,88.2,85.7,94.5,93.7,90.2,91.8,90.8]
223  | t[180,225,265,305,366]_l[4] | 91.70%    | 3.18%    | 1.0181          | [93.4,93.0,95.7,87.5,86.8,95.1,94.3,91.8,92.2,87.2]
224  | t[180,245,265,285,400]_l[4] | 91.70%    | 3.29%    | 1.0181          | [92.9,93.1,94.9,90.3,85.1,95.4,94.9,90.1,93.0,87.1]
225  | t[180,225,265,305,325]_l[4] | 91.70%    | 3.23%    | 1.0181          | [94.2,92.5,95.6,89.2,86.1,95.5,94.3,90.4,92.1,87.1]
226  | t[180,225,285,345,366]_l[4] | 91.69%    | 3.75%    | 1.0181          | [93.8,93.3,95.4,89.8,85.7,95.0,94.2,91.0,94.5,84.3]
227  | t[265,285,325,345,366]_l[4] | 91.69%    | 3.19%    | 1.0181          | [93.0,93.3,95.7,89.1,85.0,95.5,94.5,89.5,91.3,90.0]
228  | t[225,305,325,345,366]_l[4] | 91.69%    | 2.98%    | 1.0181          | [94.8,92.6,95.1,87.9,86.5,95.0,93.8,91.3,91.4,88.5]
229  | t[225,245,285,305,345]_l[4] | 91.66%    | 3.49%    | 1.0181          | [93.3,93.2,95.7,85.8,84.8,95.1,94.3,90.6,92.2,91.7]
230  | t[245,265,285,345,366]_l[4] | 91.65%    | 2.91%    | 1.0181          | [93.1,93.0,94.9,88.3,85.7,95.3,94.1,89.7,91.9,90.4]
231  | t[180,225,305,345,400]_l[4] | 91.64%    | 3.43%    | 1.0181          | [94.3,93.4,94.7,85.9,86.1,95.3,94.7,92.0,91.9,88.2]
232  | t[180,225,265,305,400]_l[4] | 91.64%    | 3.27%    | 1.0181          | [93.9,92.6,94.9,88.1,85.8,95.7,94.0,90.5,93.3,87.6]
233  | t[225,285,325,345,366]_l[4] | 91.63%    | 3.30%    | 1.0181          | [94.0,92.9,95.7,88.5,84.8,95.0,94.2,90.6,91.9,88.6]
234  | t[285,305,325,345,366]_l[4] | 91.63%    | 3.24%    | 1.0181          | [93.5,92.0,95.1,85.5,86.8,95.4,94.5,89.5,91.4,92.6]
235  | t[180,245,265,345,400]_l[4] | 91.61%    | 3.39%    | 1.0181          | [93.7,92.6,95.3,86.5,85.4,94.7,94.9,90.7,93.2,89.1]
236  | t[245,265,285,345,400]_l[4] | 91.60%    | 3.43%    | 1.0181          | [93.1,92.9,94.9,88.1,85.3,95.2,94.8,90.3,94.2,87.1]
237  | t[225,265,285,305,345]_l[4] | 91.59%    | 2.95%    | 1.0181          | [93.2,91.8,95.4,88.3,85.7,95.5,93.5,91.1,91.8,89.6]
238  | t[245,265,305,345,366]_l[4] | 91.57%    | 3.34%    | 1.0181          | [93.6,93.2,95.2,86.0,85.4,94.6,94.2,91.0,93.0,89.6]
239  | t[225,245,305,325,400]_l[4] | 91.56%    | 3.77%    | 1.0181          | [93.7,93.8,95.3,85.2,84.8,95.2,95.1,90.6,92.5,89.4]
240  | t[180,265,285,305,325]_l[4] | 91.54%    | 3.24%    | 1.0181          | [93.4,93.5,95.4,87.8,85.8,95.1,94.0,89.9,92.7,87.8]
241  | t[225,305,325,366,400]_l[4] | 91.54%    | 3.68%    | 1.0181          | [94.5,93.4,95.1,90.5,86.6,95.1,94.4,90.9,91.4,83.5]
242  | t[180,225,265,345,366]_l[4] | 91.53%    | 3.72%    | 1.0181          | [94.0,93.2,95.5,87.9,85.8,95.4,94.4,91.2,92.9,85.1]
243  | t[265,285,305,345,400]_l[4] | 91.53%    | 3.44%    | 1.0181          | [93.9,93.8,95.5,87.3,86.3,95.2,94.4,89.3,92.6,87.1]
244  | t[180,245,265,305,400]_l[4] | 91.52%    | 3.28%    | 1.0181          | [93.7,93.1,94.7,89.5,86.3,95.1,94.1,89.5,93.3,85.9]
245  | t[180,245,265,285,325]_l[4] | 91.50%    | 3.30%    | 1.0181          | [93.0,92.9,95.3,86.2,85.0,95.0,93.8,91.0,92.5,90.1]
246  | t[180,225,245,265,285]_l[4] | 91.47%    | 3.25%    | 1.0181          | [93.5,92.4,95.4,87.6,85.6,94.5,94.4,90.1,93.2,88.0]
247  | t[225,245,285,345,366]_l[4] | 91.44%    | 3.02%    | 1.0181          | [93.4,93.5,94.8,87.7,85.4,94.5,94.0,90.4,91.5,89.3]
248  | t[180,265,305,366,400]_l[4] | 91.43%    | 3.91%    | 1.0181          | [93.4,93.7,95.7,84.4,85.5,95.4,94.6,91.9,92.1,87.7]
249  | t[180,285,345,366,400]_l[4] | 91.40%    | 3.87%    | 1.0181          | [93.5,92.9,95.9,88.7,85.2,95.2,95.1,91.0,92.1,84.4]
250  | t[265,305,345,366,400]_l[4] | 91.37%    | 3.58%    | 1.0181          | [93.5,93.0,94.8,87.6,85.3,95.7,94.2,90.2,93.3,86.2]
251  | t[245,285,325,345,366]_l[4] | 91.24%    | 3.83%    | 1.0181          | [93.2,93.3,95.5,83.4,85.3,95.1,93.9,90.0,91.8,90.9]
252  | t[180,265,305,345,366]_l[4] | 91.14%    | 4.00%    | 1.0181          | [93.6,93.7,95.1,87.1,85.3,95.2,93.7,90.3,93.3,83.9]
