============================================================
🏆 WINNER CONFIGURATION: t[194,234,254,294,359]_l[4]
============================================================

--- 0. Hardware & Performance Metrics ---
[Parameters]
  - VAE Parameters         : 1.35 M
  - DiT Parameters         : 16.70 M
  - Classifier Parameters  : 1.0181 M
[FLOPs (单次前向传播)]
  - VAE FLOPs              : 514,064,384.0 (0.51G)
  - DiT FLOPs              : 698,548,224.0 (0.70G)
[Time]
  - Feature Extract Time   : 45.88 Seconds
  - DiT Inference Time     : 26.3116 Seconds (Total), 31.32 ms (Avg per call)
  - Classifier Inference   : 2.42 ms (Avg per Test Set)
[GPU Memory]
  - Peak VRAM (Extraction) : 1016.99 MB
  - Peak VRAM (Train/Test) : 843.50 MB

--- 1. Overall Metrics (Mean ± Std over 10 seeds) ---
OA:    90.3971% ± 3.2598%
AA:    90.9339% ± 1.8315%
Kappa: 0.8742  ± 0.0416

--- 2. Per-Class Accuracy (Mean ± Std) ---
Asphalt                  : 78.42% ± 6.26%
Meadows                  : 93.41% ± 5.94%
Gravel                   : 87.80% ± 8.35%
Trees                    : 89.92% ± 3.97%
Painted metal sheets     : 99.90% ± 0.17%
Bare Soil                : 91.04% ± 8.51%
Bitumen                  : 99.15% ± 1.14%
Self-Blocking Bricks     : 92.02% ± 5.62%
Shadows                  : 86.74% ± 8.58%

--- 3. Best Seed Detailed Report (Highest OA run) ---
                      precision    recall  f1-score   support

             Asphalt     0.9842    0.7717    0.8651      6626
             Meadows     0.9754    0.9849    0.9801     18644
              Gravel     0.7181    0.9938    0.8337      2094
               Trees     0.9291    0.9385    0.9338      3059
Painted metal sheets     0.9048    1.0000    0.9500      1340
           Bare Soil     0.9785    0.9514    0.9648      5024
             Bitumen     0.8466    1.0000    0.9170      1325
Self-Blocking Bricks     0.8518    0.9146    0.8821      3677
             Shadows     0.9109    0.8142    0.8599       942

            accuracy                         0.9362     42731
           macro avg     0.8999    0.9299    0.9096     42731
        weighted avg     0.9429    0.9362    0.9360     42731


============================================================
🚀 LEADERBOARD (All Configs)
============================================================
Rank | Config                    | Mean OA    | Std Dev    | Cls Params(M)   | Runs (OA)
-----------------------------------------------------------------------------------------------
1    | t[194,234,254,294,359]_l[4] | 90.40%    | 3.26%    | 1.0181          | [92.3,92.4,93.5,84.8,84.9,93.6,92.3,87.3,92.2,90.7]
2    | t[194,214,234,254,359]_l[4] | 90.35%    | 2.96%    | 1.0181          | [91.4,92.2,93.3,84.7,86.1,93.7,92.4,87.9,92.0,89.7]
3    | t[163,194,234,254,359]_l[4] | 90.25%    | 2.83%    | 1.0181          | [90.6,89.7,93.1,86.4,85.6,93.7,93.4,87.4,92.6,89.9]
4    | t[163,214,234,274,294]_l[4] | 90.22%    | 3.09%    | 1.0181          | [92.1,90.5,93.6,85.7,85.7,93.8,93.0,87.0,92.5,88.3]
5    | t[163,214,234,254,359]_l[4] | 90.22%    | 3.35%    | 1.0181          | [91.1,90.9,92.9,84.1,85.6,93.9,92.8,86.3,91.5,93.0]
6    | t[163,214,274,294,359]_l[4] | 90.19%    | 3.23%    | 1.0181          | [92.4,89.8,94.8,88.6,85.0,93.9,92.2,85.5,91.7,87.9]
7    | t[163,214,234,274,359]_l[4] | 90.16%    | 3.26%    | 1.0181          | [91.1,90.4,92.6,85.3,84.1,93.7,92.6,87.0,92.9,91.8]
8    | t[163,194,234,274,314]_l[4] | 90.14%    | 3.17%    | 1.0181          | [91.7,91.8,93.2,87.1,83.7,93.5,92.4,86.1,91.8,90.1]
9    | t[163,214,294,314,359]_l[4] | 90.14%    | 3.13%    | 1.0181          | [92.1,91.3,92.8,85.6,85.5,93.8,93.0,86.4,92.6,88.4]
10   | t[163,194,214,254,294]_l[4] | 90.10%    | 2.79%    | 1.0181          | [90.4,90.1,93.2,88.3,85.6,93.4,92.9,85.5,92.1,89.6]
11   | t[163,254,274,294,334]_l[4] | 90.10%    | 3.05%    | 1.0181          | [91.0,90.6,92.8,87.8,85.0,93.5,92.4,85.3,93.6,88.9]
12   | t[194,214,294,334,359]_l[4] | 90.07%    | 3.18%    | 1.0181          | [91.3,92.7,92.8,85.6,85.8,93.9,92.3,85.2,91.9,89.2]
13   | t[163,214,254,274,314]_l[4] | 90.05%    | 3.05%    | 1.0181          | [88.6,90.8,93.2,86.4,85.3,94.0,92.3,86.0,92.0,91.7]
14   | t[163,194,214,274,294]_l[4] | 90.04%    | 3.15%    | 1.0181          | [91.3,90.9,94.0,88.1,84.0,93.7,92.6,85.7,91.2,88.8]
15   | t[163,234,254,274,294]_l[4] | 90.03%    | 2.75%    | 1.0181          | [89.3,90.6,92.4,86.7,85.8,93.9,92.4,86.5,92.5,90.1]
16   | t[194,214,274,294,359]_l[4] | 90.03%    | 2.99%    | 1.0181          | [89.3,92.9,93.3,87.3,84.3,94.0,92.3,87.1,90.3,89.5]
17   | t[194,234,254,274,359]_l[4] | 90.02%    | 3.00%    | 1.0181          | [92.5,91.9,92.5,86.6,84.8,93.6,92.2,86.1,91.3,88.8]
18   | t[163,214,294,334,359]_l[4] | 90.01%    | 2.87%    | 1.0181          | [88.5,90.7,93.0,86.3,85.3,93.7,92.2,86.9,92.4,91.0]
19   | t[194,214,234,274,314]_l[4] | 90.00%    | 3.07%    | 1.0181          | [91.3,91.6,92.8,86.4,85.5,94.1,92.5,85.2,91.6,89.0]
20   | t[194,214,234,294,359]_l[4] | 90.00%    | 3.05%    | 1.0181          | [90.4,91.6,93.8,85.8,85.4,94.0,92.6,87.2,91.3,88.0]
21   | t[163,194,274,314,334]_l[4] | 89.98%    | 3.28%    | 1.0181          | [91.9,90.9,92.9,85.8,84.8,93.5,92.5,85.1,92.7,89.6]
22   | t[163,214,234,274,314]_l[4] | 89.98%    | 3.27%    | 1.0181          | [90.3,91.9,93.3,85.3,84.8,94.0,92.5,86.6,92.7,88.6]
23   | t[163,234,254,274,334]_l[4] | 89.98%    | 3.16%    | 1.0181          | [90.3,90.4,92.9,85.3,85.5,93.7,92.2,85.4,92.8,91.2]
24   | t[194,214,234,254,314]_l[4] | 89.97%    | 3.46%    | 1.0181          | [90.7,91.8,93.6,83.4,85.3,94.0,92.5,86.6,91.9,89.8]
25   | t[163,234,254,274,359]_l[4] | 89.96%    | 3.06%    | 1.0181          | [91.6,91.0,92.9,86.3,85.3,93.4,92.2,85.8,92.9,88.2]
26   | t[163,194,254,274,359]_l[4] | 89.96%    | 2.87%    | 1.0181          | [90.3,91.0,92.8,88.5,84.1,93.6,92.1,87.0,92.3,87.9]
27   | t[163,194,274,294,359]_l[4] | 89.96%    | 3.10%    | 1.0181          | [90.2,90.8,92.8,87.7,84.1,94.1,92.3,85.4,92.1,90.2]
28   | t[194,214,234,254,294]_l[4] | 89.95%    | 2.87%    | 1.0181          | [90.3,90.9,93.2,87.9,86.0,93.6,92.7,85.1,91.8,87.9]
29   | t[194,214,234,314,359]_l[4] | 89.95%    | 3.36%    | 1.0181          | [90.7,92.2,92.9,83.9,85.0,93.6,92.4,86.5,92.5,89.9]
30   | t[163,214,274,294,314]_l[4] | 89.93%    | 3.25%    | 1.0181          | [89.7,89.3,95.0,87.2,84.2,93.7,92.3,86.1,92.1,89.6]
31   | t[163,214,254,274,334]_l[4] | 89.93%    | 3.11%    | 1.0181          | [90.7,90.2,92.7,86.0,84.3,93.9,92.4,87.7,93.3,88.1]
32   | t[163,194,234,294,359]_l[4] | 89.92%    | 2.99%    | 1.0181          | [89.6,90.9,93.4,85.4,84.9,94.0,92.3,88.3,91.8,88.6]
33   | t[194,214,254,314,334]_l[4] | 89.92%    | 2.82%    | 1.0181          | [91.2,90.1,92.8,85.8,85.6,93.2,91.8,86.3,92.3,90.1]
34   | t[163,194,214,334,359]_l[4] | 89.91%    | 2.81%    | 1.0181          | [90.7,89.0,93.0,86.3,84.8,93.4,92.7,87.9,92.0,89.4]
35   | t[163,214,234,254,314]_l[4] | 89.91%    | 3.19%    | 1.0181          | [90.8,90.5,94.1,86.4,85.7,93.8,92.8,85.0,91.7,88.2]
36   | t[194,234,254,294,334]_l[4] | 89.90%    | 3.25%    | 1.0181          | [92.2,92.6,93.0,85.7,85.3,93.3,92.0,85.7,92.0,87.3]
37   | t[163,214,234,254,294]_l[4] | 89.90%    | 3.02%    | 1.0181          | [90.1,89.7,93.4,84.7,86.1,93.0,92.6,86.2,92.4,90.8]
38   | t[163,194,214,234,254]_l[4] | 89.90%    | 3.20%    | 1.0181          | [89.8,90.6,93.9,87.3,85.7,93.8,93.0,85.5,92.5,86.8]
39   | t[163,214,234,294,359]_l[4] | 89.88%    | 3.42%    | 1.0181          | [91.6,91.3,93.4,84.4,84.7,94.2,92.4,86.3,92.0,88.6]
40   | t[194,214,254,274,359]_l[4] | 89.87%    | 2.93%    | 1.0181          | [90.1,91.2,92.7,86.8,85.3,93.8,92.3,86.9,92.6,87.0]
41   | t[163,194,214,254,334]_l[4] | 89.87%    | 3.55%    | 1.0181          | [92.1,90.6,92.8,86.6,85.0,94.1,92.7,84.2,93.4,87.2]
42   | t[194,214,274,314,359]_l[4] | 89.86%    | 3.55%    | 1.0181          | [91.9,90.1,93.0,82.8,85.3,93.9,92.0,86.1,91.6,92.0]
43   | t[163,194,254,334,359]_l[4] | 89.86%    | 3.54%    | 1.0181          | [92.5,91.9,93.4,88.0,84.1,93.3,92.2,86.2,92.4,84.5]
44   | t[163,194,314,334,359]_l[4] | 89.86%    | 3.09%    | 1.0181          | [91.3,89.9,93.4,85.7,84.0,93.3,92.2,87.2,92.1,89.5]
45   | t[163,234,294,334,359]_l[4] | 89.84%    | 2.95%    | 1.0181          | [89.9,91.4,92.6,85.3,85.3,93.8,92.4,87.4,92.1,88.3]
46   | t[163,194,214,234,294]_l[4] | 89.84%    | 2.81%    | 1.0181          | [88.5,91.0,92.8,86.4,85.5,93.9,92.2,86.4,91.2,90.4]
47   | t[163,194,294,334,359]_l[4] | 89.84%    | 2.81%    | 1.0181          | [91.5,90.3,93.1,87.5,84.9,92.7,92.5,86.7,91.8,87.5]
48   | t[163,234,254,314,334]_l[4] | 89.83%    | 3.00%    | 1.0181          | [90.8,90.7,93.2,85.8,85.2,93.7,92.3,86.4,91.9,88.2]
49   | t[163,214,254,314,359]_l[4] | 89.83%    | 3.61%    | 1.0181          | [93.4,90.8,93.6,85.0,85.3,93.6,92.2,85.0,92.4,86.9]
50   | t[163,194,254,314,359]_l[4] | 89.83%    | 3.72%    | 1.0181          | [93.7,89.9,92.8,83.8,84.6,93.5,92.7,86.0,93.2,88.0]
51   | t[163,214,254,294,359]_l[4] | 89.81%    | 3.65%    | 1.0181          | [91.8,92.1,94.2,86.8,84.8,93.3,92.5,85.5,92.3,84.7]
52   | t[163,254,274,334,359]_l[4] | 89.81%    | 3.25%    | 1.0181          | [89.7,92.0,93.6,84.9,85.1,93.5,92.1,87.6,92.7,86.9]
53   | t[163,214,254,274,294]_l[4] | 89.81%    | 2.99%    | 1.0181          | [90.4,90.5,93.8,87.1,85.7,93.6,92.2,85.9,91.9,87.0]
54   | t[163,194,214,274,334]_l[4] | 89.81%    | 3.45%    | 1.0181          | [91.3,90.7,94.2,85.7,85.2,93.7,92.1,85.9,93.0,86.3]
55   | t[214,234,254,274,294]_l[4] | 89.80%    | 3.07%    | 1.0181          | [91.7,91.2,92.3,85.0,85.8,92.9,92.4,86.6,92.9,87.1]
56   | t[214,254,314,334,359]_l[4] | 89.80%    | 2.93%    | 1.0181          | [91.0,91.1,92.7,84.2,85.7,92.5,91.1,86.6,92.2,90.9]
57   | t[194,214,294,314,359]_l[4] | 89.78%    | 3.33%    | 1.0181          | [91.1,91.8,93.2,84.6,84.9,93.6,92.2,85.5,91.8,89.1]
58   | t[214,234,294,334,359]_l[4] | 89.77%    | 2.73%    | 1.0181          | [89.2,91.4,93.0,85.9,85.3,93.2,92.2,87.3,91.0,89.3]
59   | t[194,214,254,294,359]_l[4] | 89.76%    | 3.21%    | 1.0181          | [91.3,91.5,93.2,85.5,85.0,93.8,92.3,85.6,91.3,88.1]
60   | t[163,194,214,294,334]_l[4] | 89.76%    | 2.98%    | 1.0181          | [90.1,90.9,93.2,86.6,85.1,93.7,91.9,87.0,92.4,86.7]
61   | t[194,214,294,314,334]_l[4] | 89.75%    | 3.69%    | 1.0181          | [93.2,90.9,92.9,83.6,84.6,93.5,92.6,85.6,92.4,88.1]
62   | t[163,194,254,294,359]_l[4] | 89.74%    | 3.72%    | 1.0181          | [91.1,91.9,93.5,86.1,84.3,93.4,92.6,87.1,93.5,84.0]
63   | t[194,214,234,254,274]_l[4] | 89.74%    | 3.21%    | 1.0181          | [91.1,89.3,93.1,84.8,86.0,93.9,92.7,86.0,92.6,87.9]
64   | t[194,254,274,294,359]_l[4] | 89.74%    | 3.52%    | 1.0181          | [93.8,90.1,93.0,84.8,84.6,93.2,92.1,86.4,92.7,86.7]
65   | t[163,234,254,334,359]_l[4] | 89.74%    | 2.98%    | 1.0181          | [90.8,91.2,92.6,85.8,85.1,93.3,92.3,87.0,92.1,87.1]
66   | t[163,194,214,294,359]_l[4] | 89.73%    | 3.49%    | 1.0181          | [91.0,91.4,93.8,84.9,84.5,93.6,92.5,87.2,92.4,86.1]
67   | t[163,194,234,254,294]_l[4] | 89.73%    | 2.88%    | 1.0181          | [90.5,90.4,93.1,87.2,85.5,93.1,92.4,86.4,92.2,86.5]
68   | t[163,194,274,294,334]_l[4] | 89.72%    | 2.95%    | 1.0181          | [89.6,89.2,93.3,88.1,85.6,93.4,92.0,85.4,93.1,87.4]
69   | t[194,214,234,274,334]_l[4] | 89.71%    | 3.05%    | 1.0181          | [89.5,91.0,92.8,85.4,85.3,93.4,92.4,86.0,92.5,88.8]
70   | t[163,214,234,254,334]_l[4] | 89.71%    | 3.10%    | 1.0181          | [89.4,90.4,93.5,84.7,85.4,93.3,92.4,86.5,92.3,89.1]
71   | t[194,254,294,334,359]_l[4] | 89.71%    | 2.38%    | 1.0181          | [89.2,90.1,92.4,86.2,86.0,92.8,92.1,88.1,91.6,88.5]
72   | t[214,234,274,314,334]_l[4] | 89.71%    | 3.66%    | 1.0181          | [92.9,91.7,93.0,82.2,85.3,93.3,92.1,87.5,91.7,87.5]
73   | t[194,214,234,274,294]_l[4] | 89.69%    | 3.23%    | 1.0181          | [88.7,90.8,93.7,85.2,86.1,93.9,92.5,85.4,92.3,88.3]
74   | t[194,234,294,334,359]_l[4] | 89.68%    | 3.00%    | 1.0181          | [89.4,92.9,92.0,84.6,86.1,93.8,92.2,87.1,91.1,87.6]
75   | t[163,234,274,294,359]_l[4] | 89.67%    | 3.42%    | 1.0181          | [89.4,91.8,93.7,83.1,86.1,93.4,92.2,85.4,90.9,90.5]
76   | t[163,194,234,254,274]_l[4] | 89.67%    | 3.50%    | 1.0181          | [91.0,91.6,92.8,87.0,84.2,93.7,93.0,84.5,92.3,86.6]
77   | t[163,194,254,274,334]_l[4] | 89.66%    | 3.77%    | 1.0181          | [92.8,89.6,94.0,85.9,84.1,93.5,92.0,87.2,93.3,84.2]
78   | t[163,214,234,314,359]_l[4] | 89.65%    | 3.58%    | 1.0181          | [90.0,90.7,92.8,82.7,85.3,94.2,92.7,86.5,92.8,88.9]
79   | t[163,194,234,254,314]_l[4] | 89.65%    | 3.88%    | 1.0181          | [91.5,91.9,93.1,85.2,84.6,93.6,92.4,82.8,93.3,88.2]
80   | t[234,254,274,334,359]_l[4] | 89.64%    | 3.13%    | 1.0181          | [89.3,92.2,92.6,84.1,85.0,93.6,91.8,86.8,90.6,90.5]
81   | t[163,194,214,234,359]_l[4] | 89.63%    | 3.12%    | 1.0181          | [89.8,91.1,93.0,85.2,85.7,93.5,92.5,86.5,92.3,86.7]
82   | t[163,194,234,254,334]_l[4] | 89.63%    | 3.70%    | 1.0181          | [91.0,90.5,92.7,82.0,85.7,93.7,92.6,86.3,93.3,88.5]
83   | t[194,214,274,294,314]_l[4] | 89.63%    | 3.65%    | 1.0181          | [92.5,90.7,93.6,83.7,85.3,93.6,92.6,85.6,91.9,86.8]
84   | t[163,214,274,314,334]_l[4] | 89.63%    | 3.17%    | 1.0181          | [90.2,90.0,92.4,85.0,85.3,93.8,92.5,85.3,92.4,89.3]
85   | t[194,274,294,314,359]_l[4] | 89.62%    | 2.76%    | 1.0181          | [91.7,90.5,92.5,85.6,85.1,92.6,92.0,86.7,91.0,88.5]
86   | t[214,234,274,294,314]_l[4] | 89.62%    | 4.08%    | 1.0181          | [93.4,92.3,93.6,82.7,85.3,93.8,92.4,84.6,91.4,86.7]
87   | t[163,254,274,294,359]_l[4] | 89.60%    | 3.29%    | 1.0181          | [90.5,89.3,94.1,83.9,85.5,93.7,92.0,86.1,91.5,89.5]
88   | t[163,214,274,314,359]_l[4] | 89.60%    | 3.83%    | 1.0181          | [89.8,90.2,93.2,81.5,85.6,93.8,92.5,85.6,92.3,91.5]
89   | t[163,214,234,294,314]_l[4] | 89.60%    | 3.81%    | 1.0181          | [91.5,91.7,94.0,86.2,84.1,94.3,92.9,84.7,91.2,85.5]
90   | t[163,214,234,334,359]_l[4] | 89.60%    | 3.85%    | 1.0181          | [91.4,91.6,92.9,81.9,84.8,93.8,92.6,85.9,92.2,89.0]
91   | t[194,234,254,294,314]_l[4] | 89.59%    | 3.77%    | 1.0181          | [91.9,93.1,92.8,83.7,85.2,93.6,92.9,85.4,91.2,86.0]
92   | t[163,194,214,254,359]_l[4] | 89.59%    | 3.07%    | 1.0181          | [89.7,89.8,91.6,87.5,85.2,93.3,92.9,86.0,93.8,86.2]
93   | t[214,274,294,334,359]_l[4] | 89.58%    | 3.08%    | 1.0181          | [89.0,90.8,93.2,84.2,85.5,93.4,92.1,86.9,92.0,88.6]
94   | t[163,214,254,274,359]_l[4] | 89.58%    | 3.48%    | 1.0181          | [92.6,91.1,92.8,88.0,84.5,93.4,92.2,85.8,91.4,83.9]
95   | t[214,254,274,314,359]_l[4] | 89.58%    | 3.29%    | 1.0181          | [90.9,91.9,92.1,84.3,84.8,93.1,92.2,86.0,92.6,87.8]
96   | t[194,214,254,274,334]_l[4] | 89.57%    | 3.22%    | 1.0181          | [90.8,91.1,93.1,85.1,85.6,93.5,91.8,86.4,92.2,85.9]
97   | t[163,194,214,314,334]_l[4] | 89.56%    | 3.52%    | 1.0181          | [90.3,91.0,93.2,85.3,84.7,93.4,92.6,84.7,93.1,87.3]
98   | t[214,234,274,314,359]_l[4] | 89.56%    | 3.72%    | 1.0181          | [90.9,91.3,92.7,81.7,84.2,93.1,91.9,86.9,92.1,90.7]
99   | t[194,214,234,294,334]_l[4] | 89.55%    | 3.63%    | 1.0181          | [90.0,92.5,93.1,84.5,84.7,93.7,91.6,84.8,93.1,87.5]
100  | t[194,234,274,314,334]_l[4] | 89.55%    | 4.03%    | 1.0181          | [92.7,89.8,92.5,80.3,85.3,93.2,92.3,86.2,92.3,90.8]
101  | t[163,234,254,294,359]_l[4] | 89.54%    | 3.59%    | 1.0181          | [90.2,92.1,92.8,83.1,84.5,93.7,92.7,87.1,91.9,87.3]
102  | t[163,194,214,234,334]_l[4] | 89.53%    | 3.58%    | 1.0181          | [89.7,91.7,94.0,84.6,84.8,94.2,92.5,85.4,91.3,87.1]
103  | t[214,254,274,294,314]_l[4] | 89.53%    | 3.39%    | 1.0181          | [91.2,90.1,92.7,85.4,85.4,93.2,92.6,85.1,93.3,86.2]
104  | t[163,194,214,294,314]_l[4] | 89.53%    | 2.99%    | 1.0181          | [90.4,89.9,93.7,86.9,83.9,93.1,92.3,86.5,90.4,88.3]
105  | t[234,254,274,314,359]_l[4] | 89.52%    | 3.99%    | 1.0181          | [91.2,91.1,93.4,82.5,84.6,93.4,92.7,84.7,93.4,88.2]
106  | t[194,214,254,294,334]_l[4] | 89.51%    | 3.66%    | 1.0181          | [92.7,91.0,93.4,85.3,84.9,93.6,91.8,85.2,92.2,85.1]
107  | t[194,214,254,314,359]_l[4] | 89.51%    | 3.30%    | 1.0181          | [90.3,91.1,92.4,85.0,84.9,93.1,92.5,86.1,93.2,86.5]
108  | t[163,234,254,314,359]_l[4] | 89.50%    | 3.02%    | 1.0181          | [89.1,89.9,92.2,84.6,84.9,93.3,92.4,86.4,91.8,90.4]
109  | t[163,234,294,314,359]_l[4] | 89.50%    | 3.18%    | 1.0181          | [90.0,90.0,93.0,85.3,85.1,93.0,93.0,84.8,91.6,89.1]
110  | t[194,214,314,334,359]_l[4] | 89.50%    | 3.17%    | 1.0181          | [91.4,89.5,92.2,83.9,85.3,93.2,92.2,86.1,92.1,89.1]
111  | t[163,254,294,334,359]_l[4] | 89.50%    | 3.43%    | 1.0181          | [92.3,91.1,93.0,83.8,85.6,93.1,92.0,85.7,91.8,86.6]
112  | t[194,214,234,314,334]_l[4] | 89.50%    | 4.02%    | 1.0181          | [91.0,90.9,93.1,81.1,84.8,93.5,92.6,85.2,92.2,90.5]
113  | t[163,194,274,334,359]_l[4] | 89.50%    | 3.43%    | 1.0181          | [89.4,90.8,93.2,84.9,83.8,93.6,92.4,85.6,92.3,88.9]
114  | t[194,214,254,274,294]_l[4] | 89.49%    | 3.03%    | 1.0181          | [87.8,90.8,93.3,86.6,85.3,93.4,92.7,85.7,91.5,87.8]
115  | t[163,214,274,334,359]_l[4] | 89.49%    | 3.51%    | 1.0181          | [88.8,92.0,93.6,85.9,84.8,93.5,92.6,84.9,92.4,86.4]
116  | t[234,254,294,334,359]_l[4] | 89.48%    | 3.04%    | 1.0181          | [90.2,90.9,92.3,84.6,86.0,92.9,92.1,87.6,92.6,85.6]
117  | t[194,214,234,334,359]_l[4] | 89.48%    | 3.23%    | 1.0181          | [90.2,90.2,92.9,85.7,85.6,93.5,92.0,86.5,93.0,85.2]
118  | t[163,194,214,254,274]_l[4] | 89.48%    | 3.24%    | 1.0181          | [86.9,91.2,92.9,90.0,84.4,93.3,92.6,84.9,91.8,86.7]
119  | t[163,194,254,274,314]_l[4] | 89.48%    | 3.28%    | 1.0181          | [91.5,89.8,93.1,86.5,84.3,93.4,92.5,85.0,91.5,87.1]
120  | t[194,234,274,314,359]_l[4] | 89.48%    | 3.43%    | 1.0181          | [91.4,89.9,92.8,83.0,84.8,93.5,92.5,86.4,91.7,88.8]
121  | t[194,254,314,334,359]_l[4] | 89.48%    | 3.42%    | 1.0181          | [90.5,92.4,92.8,83.3,86.1,93.1,91.7,85.2,92.1,87.6]
122  | t[214,234,254,274,334]_l[4] | 89.48%    | 3.33%    | 1.0181          | [89.6,91.6,92.3,84.7,84.9,93.2,92.2,84.9,92.8,88.6]
123  | t[163,254,294,314,359]_l[4] | 89.47%    | 2.83%    | 1.0181          | [90.4,89.9,92.8,85.4,85.1,92.7,92.4,87.2,91.5,87.3]
124  | t[194,214,234,254,334]_l[4] | 89.47%    | 3.41%    | 1.0181          | [90.5,91.1,92.1,83.7,85.2,93.3,92.3,85.1,92.8,88.7]
125  | t[194,234,254,314,334]_l[4] | 89.47%    | 3.47%    | 1.0181          | [91.7,89.8,92.2,82.8,84.7,93.2,92.1,85.9,91.9,90.3]
126  | t[163,194,254,274,294]_l[4] | 89.47%    | 3.54%    | 1.0181          | [93.1,90.2,93.2,86.1,83.9,93.3,92.2,87.3,91.2,84.3]
127  | t[194,234,254,314,359]_l[4] | 89.47%    | 3.16%    | 1.0181          | [91.8,90.2,91.9,84.4,84.4,93.4,92.4,86.5,91.1,88.5]
128  | t[163,194,234,274,294]_l[4] | 89.47%    | 3.66%    | 1.0181          | [91.6,89.6,93.4,84.9,84.1,93.2,92.3,86.4,93.6,85.5]
129  | t[163,194,234,334,359]_l[4] | 89.46%    | 3.63%    | 1.0181          | [91.4,91.2,92.1,83.1,84.5,93.6,92.9,85.9,92.3,87.6]
130  | t[194,234,294,314,334]_l[4] | 89.46%    | 3.62%    | 1.0181          | [91.7,91.3,92.7,84.3,84.3,93.4,92.6,84.4,91.9,88.0]
131  | t[194,254,274,334,359]_l[4] | 89.46%    | 3.32%    | 1.0181          | [87.4,92.9,93.1,85.0,84.5,93.3,91.7,85.9,91.5,89.5]
132  | t[214,234,294,314,334]_l[4] | 89.46%    | 3.12%    | 1.0181          | [90.3,91.3,93.1,84.9,85.2,93.5,92.0,86.3,90.9,87.1]
133  | t[163,254,274,294,314]_l[4] | 89.45%    | 3.48%    | 1.0181          | [88.7,89.9,94.0,84.7,84.7,93.9,92.4,84.8,91.7,89.7]
134  | t[214,234,254,314,334]_l[4] | 89.45%    | 3.12%    | 1.0181          | [90.0,91.1,92.3,83.2,84.9,92.9,91.5,87.5,91.8,89.2]
135  | t[194,214,274,294,334]_l[4] | 89.45%    | 3.66%    | 1.0181          | [93.1,89.1,93.3,85.6,85.0,93.7,92.4,84.4,91.9,86.0]
136  | t[163,194,234,294,314]_l[4] | 89.45%    | 3.63%    | 1.0181          | [89.9,90.6,93.9,85.3,84.9,93.8,92.8,85.0,92.4,85.9]
137  | t[194,214,254,294,314]_l[4] | 89.45%    | 3.29%    | 1.0181          | [89.8,90.9,93.4,85.9,85.2,93.7,92.4,86.5,91.6,85.0]
138  | t[214,234,254,274,359]_l[4] | 89.45%    | 3.47%    | 1.0181          | [92.8,89.6,92.3,84.6,84.5,93.5,92.6,86.1,92.1,86.5]
139  | t[214,254,274,334,359]_l[4] | 89.44%    | 2.99%    | 1.0181          | [89.0,92.0,93.6,85.5,85.5,92.6,91.8,87.4,91.2,86.0]
140  | t[163,194,234,274,359]_l[4] | 89.44%    | 3.39%    | 1.0181          | [90.3,89.3,93.3,85.3,83.7,93.5,92.7,87.2,92.4,86.7]
141  | t[163,214,234,254,274]_l[4] | 89.44%    | 3.40%    | 1.0181          | [90.0,89.7,92.9,84.7,85.9,93.8,92.6,83.7,91.9,89.2]
142  | t[163,214,254,334,359]_l[4] | 89.44%    | 3.17%    | 1.0181          | [89.8,91.4,92.5,85.4,84.4,93.1,91.9,87.0,92.5,86.2]
143  | t[163,194,234,314,334]_l[4] | 89.44%    | 3.35%    | 1.0181          | [91.7,90.6,92.1,84.6,84.4,93.2,92.9,85.8,91.9,87.1]
144  | t[214,234,254,314,359]_l[4] | 89.43%    | 3.03%    | 1.0181          | [89.6,89.8,91.5,83.6,85.1,93.6,92.5,87.2,91.2,90.2]
145  | t[194,214,234,294,314]_l[4] | 89.43%    | 3.41%    | 1.0181          | [88.6,91.7,93.4,84.0,85.1,94.0,92.3,86.5,91.5,87.2]
146  | t[163,234,274,314,334]_l[4] | 89.43%    | 3.97%    | 1.0181          | [89.2,92.7,92.6,82.2,85.6,94.0,92.2,84.7,93.4,87.7]
147  | t[214,254,294,314,359]_l[4] | 89.43%    | 3.25%    | 1.0181          | [91.6,91.7,91.6,84.3,84.8,93.2,92.0,85.9,91.8,87.4]
148  | t[163,274,294,334,359]_l[4] | 89.43%    | 3.09%    | 1.0181          | [88.8,90.9,94.0,86.2,84.0,92.4,91.9,85.8,91.3,88.8]
149  | t[214,254,274,314,334]_l[4] | 89.42%    | 3.30%    | 1.0181          | [89.8,91.1,91.9,83.0,85.1,93.0,91.9,86.3,92.7,89.6]
150  | t[214,274,294,314,334]_l[4] | 89.42%    | 3.26%    | 1.0181          | [89.9,91.2,92.8,83.7,85.0,92.9,92.4,85.5,91.2,89.6]
151  | t[163,254,314,334,359]_l[4] | 89.42%    | 3.09%    | 1.0181          | [89.4,91.8,92.2,85.6,84.3,93.2,92.0,86.3,92.0,87.5]
152  | t[163,214,234,294,334]_l[4] | 89.42%    | 3.22%    | 1.0181          | [90.1,89.1,93.7,85.5,84.7,93.6,92.7,86.6,91.4,86.8]
153  | t[214,234,254,294,359]_l[4] | 89.41%    | 3.36%    | 1.0181          | [89.6,91.8,93.0,85.0,85.6,92.9,92.2,86.8,92.7,84.6]
154  | t[194,254,274,314,359]_l[4] | 89.41%    | 3.91%    | 1.0181          | [91.4,91.7,92.8,81.0,84.4,93.3,92.1,86.3,91.5,89.5]
155  | t[163,194,214,254,314]_l[4] | 89.41%    | 3.27%    | 1.0181          | [88.9,92.0,92.4,85.9,85.4,94.0,92.1,85.0,91.9,86.5]
156  | t[163,234,254,294,334]_l[4] | 89.41%    | 3.19%    | 1.0181          | [89.6,91.3,92.5,85.4,84.5,93.3,92.2,86.5,92.4,86.4]
157  | t[214,234,314,334,359]_l[4] | 89.41%    | 3.56%    | 1.0181          | [90.6,91.3,93.1,82.2,85.4,93.6,91.9,86.7,91.7,87.6]
158  | t[214,234,254,294,334]_l[4] | 89.40%    | 3.30%    | 1.0181          | [90.5,91.8,92.9,85.9,84.8,93.2,91.8,85.4,92.0,85.7]
159  | t[194,214,234,274,359]_l[4] | 89.40%    | 3.37%    | 1.0181          | [90.1,90.6,92.5,84.8,85.0,93.8,92.4,85.6,92.6,86.5]
160  | t[214,254,274,294,334]_l[4] | 89.38%    | 3.34%    | 1.0181          | [90.8,90.4,93.4,85.3,85.1,92.8,91.9,85.4,92.8,85.9]
161  | t[163,194,214,274,359]_l[4] | 89.38%    | 3.62%    | 1.0181          | [91.1,89.9,92.7,87.9,83.3,93.4,92.6,85.2,93.0,84.8]
162  | t[214,254,294,334,359]_l[4] | 89.37%    | 3.14%    | 1.0181          | [89.3,92.6,93.3,85.3,85.0,92.7,91.1,85.9,91.7,86.8]
163  | t[194,214,254,334,359]_l[4] | 89.36%    | 3.23%    | 1.0181          | [88.9,91.0,92.4,84.5,84.6,93.4,92.6,86.6,92.3,87.4]
164  | t[163,194,214,314,359]_l[4] | 89.36%    | 3.18%    | 1.0181          | [87.6,90.4,92.4,85.4,84.4,93.9,92.4,86.9,92.4,87.7]
165  | t[163,294,314,334,359]_l[4] | 89.36%    | 2.95%    | 1.0181          | [90.2,90.7,92.6,84.4,84.4,92.9,91.3,87.3,91.3,88.5]
166  | t[194,254,294,314,334]_l[4] | 89.36%    | 3.53%    | 1.0181          | [91.1,91.4,92.8,83.6,84.4,92.7,92.1,85.8,92.6,87.0]
167  | t[163,214,254,294,314]_l[4] | 89.35%    | 3.68%    | 1.0181          | [88.1,91.9,94.2,84.2,84.7,93.5,92.9,86.4,91.7,85.9]
168  | t[163,194,214,274,314]_l[4] | 89.35%    | 3.16%    | 1.0181          | [88.3,91.1,92.6,86.5,83.5,93.5,92.2,85.8,91.3,88.6]
169  | t[163,194,294,314,359]_l[4] | 89.34%    | 3.02%    | 1.0181          | [88.8,91.3,92.7,85.4,84.3,93.4,92.3,87.0,90.5,87.6]
170  | t[163,194,274,294,314]_l[4] | 89.32%    | 3.37%    | 1.0181          | [87.7,92.2,93.4,84.4,84.7,92.9,92.3,85.6,91.5,88.7]
171  | t[163,254,274,314,334]_l[4] | 89.32%    | 3.58%    | 1.0181          | [91.2,91.0,92.1,84.2,85.3,93.3,92.1,83.4,92.6,88.0]
172  | t[194,274,294,334,359]_l[4] | 89.31%    | 3.06%    | 1.0181          | [87.1,92.0,92.1,86.1,84.9,93.2,92.2,87.2,92.0,86.3]
173  | t[163,214,294,314,334]_l[4] | 89.31%    | 3.20%    | 1.0181          | [88.2,90.6,93.0,85.2,85.1,93.5,92.5,86.0,91.9,87.0]
174  | t[194,234,274,294,359]_l[4] | 89.31%    | 4.15%    | 1.0181          | [92.3,90.5,93.2,80.9,84.1,93.6,92.5,85.2,91.4,89.3]
175  | t[163,214,254,314,334]_l[4] | 89.30%    | 3.41%    | 1.0181          | [90.2,90.1,93.2,83.8,86.0,93.3,92.3,87.0,92.2,84.8]
176  | t[194,234,254,274,294]_l[4] | 89.30%    | 3.18%    | 1.0181          | [89.9,90.1,92.4,85.0,85.2,93.3,92.5,85.7,92.1,86.7]
177  | t[214,234,274,294,359]_l[4] | 89.30%    | 3.74%    | 1.0181          | [91.6,90.7,94.0,83.4,84.9,93.4,92.0,86.3,91.6,85.1]
178  | t[194,234,294,314,359]_l[4] | 89.30%    | 3.57%    | 1.0181          | [91.0,89.9,92.1,82.7,85.1,93.6,92.3,85.5,92.7,88.1]
179  | t[194,234,254,334,359]_l[4] | 89.29%    | 3.41%    | 1.0181          | [87.9,92.0,92.7,84.6,85.4,93.7,92.3,86.5,92.2,85.6]
180  | t[163,234,254,294,314]_l[4] | 89.28%    | 4.05%    | 1.0181          | [90.5,92.6,93.6,82.3,85.9,93.9,92.3,85.4,91.7,84.6]
181  | t[234,254,274,314,334]_l[4] | 89.28%    | 3.68%    | 1.0181          | [92.6,90.5,92.5,84.2,84.0,92.7,91.6,84.9,93.2,86.6]
182  | t[194,234,254,274,334]_l[4] | 89.28%    | 3.38%    | 1.0181          | [89.1,89.5,92.7,83.9,84.9,93.5,92.0,85.4,93.0,88.8]
183  | t[163,194,234,294,334]_l[4] | 89.27%    | 3.96%    | 1.0181          | [91.4,90.8,92.8,83.4,83.7,93.7,92.8,85.9,92.9,85.4]
184  | t[194,234,254,274,314]_l[4] | 89.26%    | 3.33%    | 1.0181          | [89.5,91.9,92.2,83.8,84.2,93.6,92.2,86.9,91.0,87.3]
185  | t[234,254,314,334,359]_l[4] | 89.26%    | 2.70%    | 1.0181          | [89.8,90.3,92.1,85.2,85.7,92.9,91.5,85.7,91.0,88.4]
186  | t[163,254,294,314,334]_l[4] | 89.25%    | 3.60%    | 1.0181          | [89.6,91.0,92.9,84.3,84.8,93.9,92.2,84.4,92.4,87.1]
187  | t[163,234,274,294,314]_l[4] | 89.24%    | 4.17%    | 1.0181          | [89.8,91.0,94.5,83.9,85.1,94.2,92.7,85.4,92.4,83.4]
188  | t[214,234,274,334,359]_l[4] | 89.24%    | 3.70%    | 1.0181          | [90.0,92.2,92.5,81.6,85.6,93.3,92.6,86.4,91.2,87.1]
189  | t[163,214,234,314,334]_l[4] | 89.23%    | 4.05%    | 1.0181          | [91.1,90.8,92.5,80.5,85.5,93.7,92.8,85.7,92.2,87.6]
190  | t[214,234,254,334,359]_l[4] | 89.23%    | 3.63%    | 1.0181          | [88.8,90.8,92.8,81.9,85.1,93.1,92.5,86.0,92.4,88.9]
191  | t[194,234,314,334,359]_l[4] | 89.22%    | 3.60%    | 1.0181          | [91.0,89.6,92.0,81.9,85.2,93.2,92.5,85.3,91.7,89.9]
192  | t[163,194,234,274,334]_l[4] | 89.21%    | 3.64%    | 1.0181          | [89.8,89.7,92.3,83.4,84.9,93.9,92.8,85.0,93.0,87.3]
193  | t[163,194,254,294,314]_l[4] | 89.21%    | 3.57%    | 1.0181          | [89.8,89.9,93.1,84.5,83.5,93.8,92.5,86.4,92.2,86.4]
194  | t[163,194,214,234,314]_l[4] | 89.20%    | 3.49%    | 1.0181          | [88.6,90.0,93.5,83.6,85.6,93.7,92.8,84.7,91.4,88.1]
195  | t[194,254,274,294,334]_l[4] | 89.19%    | 3.47%    | 1.0181          | [90.7,90.1,93.0,84.4,84.7,93.1,91.7,85.8,92.9,85.4]
196  | t[194,254,274,294,314]_l[4] | 89.19%    | 3.45%    | 1.0181          | [90.3,90.9,93.2,84.7,85.1,93.3,92.1,85.2,91.7,85.4]
197  | t[163,234,274,294,334]_l[4] | 89.18%    | 3.59%    | 1.0181          | [91.9,89.0,92.7,85.0,85.5,93.1,92.3,83.5,92.7,86.1]
198  | t[163,274,294,314,334]_l[4] | 89.17%    | 3.50%    | 1.0181          | [89.3,92.0,92.8,83.7,84.5,93.2,92.5,86.3,91.2,86.1]
199  | t[214,234,294,314,359]_l[4] | 89.17%    | 3.11%    | 1.0181          | [89.9,91.1,92.5,85.4,84.7,93.2,92.2,86.8,90.4,85.4]
200  | t[163,194,294,314,334]_l[4] | 89.16%    | 3.56%    | 1.0181          | [90.7,89.7,92.9,85.6,84.3,94.0,92.7,84.5,91.3,85.8]
201  | t[194,254,294,314,359]_l[4] | 89.16%    | 3.09%    | 1.0181          | [91.6,89.1,92.2,84.5,84.9,92.5,92.3,87.2,91.5,86.0]
202  | t[214,274,294,314,359]_l[4] | 89.16%    | 3.50%    | 1.0181          | [89.2,91.3,92.5,80.9,85.2,92.5,91.5,87.8,90.8,89.8]
203  | t[194,214,254,274,314]_l[4] | 89.15%    | 3.56%    | 1.0181          | [88.8,92.1,92.7,84.2,85.1,93.9,92.4,85.9,91.2,85.2]
204  | t[163,214,234,274,334]_l[4] | 89.15%    | 3.46%    | 1.0181          | [90.1,89.0,93.0,84.7,85.7,93.8,92.0,85.3,92.7,85.2]
205  | t[163,214,254,294,334]_l[4] | 89.15%    | 3.56%    | 1.0181          | [90.1,89.8,93.1,85.4,84.4,93.8,91.8,86.1,92.7,84.3]
206  | t[163,194,254,294,334]_l[4] | 89.14%    | 3.75%    | 1.0181          | [89.0,90.2,94.0,85.2,83.8,93.6,92.5,86.3,92.4,84.3]
207  | t[234,294,314,334,359]_l[4] | 89.14%    | 3.18%    | 1.0181          | [88.5,90.1,92.8,83.7,84.7,93.0,91.9,86.1,91.3,89.2]
208  | t[194,214,274,334,359]_l[4] | 89.14%    | 3.80%    | 1.0181          | [89.4,90.2,93.7,83.3,85.4,94.1,92.1,86.0,92.5,84.7]
209  | t[234,254,294,314,334]_l[4] | 89.14%    | 4.09%    | 1.0181          | [92.2,91.7,92.7,81.6,84.2,93.3,92.4,85.6,91.8,85.9]
210  | t[254,274,294,334,359]_l[4] | 89.13%    | 3.28%    | 1.0181          | [87.5,91.3,93.4,85.7,84.3,93.1,91.9,86.4,91.7,86.0]
211  | t[274,294,314,334,359]_l[4] | 89.13%    | 2.99%    | 1.0181          | [89.5,91.2,92.0,84.3,84.3,92.8,91.6,87.0,91.0,87.7]
212  | t[163,274,314,334,359]_l[4] | 89.12%    | 3.63%    | 1.0181          | [88.6,91.2,92.3,83.5,84.9,94.0,91.8,88.1,92.6,84.2]
213  | t[163,234,314,334,359]_l[4] | 89.10%    | 3.42%    | 1.0181          | [89.8,91.1,93.0,83.7,85.2,93.5,92.2,85.7,90.8,86.1]
214  | t[234,254,274,294,359]_l[4] | 89.09%    | 4.06%    | 1.0181          | [89.3,91.6,93.6,81.5,85.9,93.1,92.3,85.8,93.0,84.9]
215  | t[163,194,274,314,359]_l[4] | 89.09%    | 3.87%    | 1.0181          | [90.1,90.9,93.7,81.7,84.6,93.4,92.2,85.8,91.4,87.1]
216  | t[163,214,314,334,359]_l[4] | 89.09%    | 3.79%    | 1.0181          | [89.5,90.7,93.3,84.5,84.6,93.0,92.5,84.8,93.3,84.8]
217  | t[214,234,254,274,314]_l[4] | 89.08%    | 3.70%    | 1.0181          | [91.5,91.0,92.8,84.0,83.9,93.3,92.0,85.4,91.5,85.3]
218  | t[214,254,274,294,359]_l[4] | 89.07%    | 3.56%    | 1.0181          | [89.7,90.5,93.6,83.4,84.6,93.1,92.1,85.0,91.6,87.2]
219  | t[163,234,294,314,334]_l[4] | 89.07%    | 3.73%    | 1.0181          | [89.4,91.9,92.5,82.9,85.3,93.4,92.8,84.2,91.5,86.9]
220  | t[194,234,274,294,334]_l[4] | 89.07%    | 3.88%    | 1.0181          | [91.3,89.7,93.7,81.7,84.8,93.5,91.9,86.0,91.7,86.5]
221  | t[194,274,294,314,334]_l[4] | 89.07%    | 3.68%    | 1.0181          | [89.4,91.1,92.6,83.1,83.8,92.8,92.3,85.0,92.7,88.1]
222  | t[214,254,294,314,334]_l[4] | 89.07%    | 3.22%    | 1.0181          | [89.5,90.0,93.5,85.4,84.1,92.7,91.5,86.4,91.8,85.8]
223  | t[234,254,294,314,359]_l[4] | 89.07%    | 3.63%    | 1.0181          | [90.9,90.3,92.3,82.9,85.4,93.1,92.7,84.0,91.7,87.3]
224  | t[194,214,274,314,334]_l[4] | 89.06%    | 4.07%    | 1.0181          | [90.4,89.7,93.6,80.2,85.6,93.5,92.3,85.4,91.8,88.2]
225  | t[163,194,254,314,334]_l[4] | 89.06%    | 3.78%    | 1.0181          | [91.7,89.9,92.3,84.3,84.3,93.1,92.9,84.0,92.4,85.7]
226  | t[163,194,214,234,274]_l[4] | 89.06%    | 3.45%    | 1.0181          | [89.5,87.7,93.6,86.5,85.0,94.1,92.5,84.2,91.3,86.2]
227  | t[163,274,294,314,359]_l[4] | 89.06%    | 3.66%    | 1.0181          | [86.7,90.9,92.7,82.5,85.3,93.1,92.1,85.6,93.1,88.7]
228  | t[163,234,274,334,359]_l[4] | 89.05%    | 3.64%    | 1.0181          | [89.5,90.4,92.3,83.0,84.6,93.9,92.6,86.7,92.0,85.4]
229  | t[254,274,314,334,359]_l[4] | 89.02%    | 3.30%    | 1.0181          | [89.6,90.9,92.2,83.4,83.8,92.9,91.8,87.1,91.5,87.1]
230  | t[214,234,274,294,334]_l[4] | 89.01%    | 3.74%    | 1.0181          | [89.9,89.2,93.7,82.1,86.2,93.5,92.2,86.3,91.9,85.2]
231  | t[214,274,314,334,359]_l[4] | 89.01%    | 3.85%    | 1.0181          | [90.8,90.8,92.6,81.1,86.5,93.5,92.1,84.9,91.5,86.4]
232  | t[194,274,314,334,359]_l[4] | 89.00%    | 3.28%    | 1.0181          | [86.7,90.7,92.5,82.7,85.8,93.1,92.0,87.6,91.5,87.4]
233  | t[163,234,254,274,314]_l[4] | 89.00%    | 3.59%    | 1.0181          | [90.0,89.7,93.5,83.7,84.2,93.4,92.4,86.4,91.3,85.4]
234  | t[234,254,274,294,314]_l[4] | 88.98%    | 3.64%    | 1.0181          | [90.4,90.2,92.9,84.8,84.3,93.5,92.3,84.2,91.8,85.4]
235  | t[194,254,274,314,334]_l[4] | 88.97%    | 3.84%    | 1.0181          | [91.0,90.1,92.6,81.3,85.0,93.0,91.4,85.6,93.0,86.8]
236  | t[234,254,274,294,334]_l[4] | 88.97%    | 3.45%    | 1.0181          | [90.0,90.6,92.2,84.9,84.7,93.2,91.9,85.8,92.2,84.2]
237  | t[234,274,294,314,359]_l[4] | 88.97%    | 3.75%    | 1.0181          | [90.2,91.4,92.5,81.8,84.6,92.8,92.2,84.5,91.1,88.6]
238  | t[163,214,274,294,334]_l[4] | 88.97%    | 3.60%    | 1.0181          | [88.4,89.6,92.6,86.1,85.2,93.7,92.3,84.3,93.0,84.4]
239  | t[214,294,314,334,359]_l[4] | 88.96%    | 3.79%    | 1.0181          | [89.9,90.0,93.3,80.7,84.0,92.8,91.9,88.0,91.3,87.8]
240  | t[254,274,294,314,359]_l[4] | 88.96%    | 3.45%    | 1.0181          | [89.2,91.0,92.8,83.1,84.7,93.1,92.2,84.6,90.4,88.7]
241  | t[194,234,274,334,359]_l[4] | 88.96%    | 3.92%    | 1.0181          | [89.2,90.3,92.6,80.9,85.0,93.5,92.3,86.3,92.7,86.8]
242  | t[194,294,314,334,359]_l[4] | 88.91%    | 3.78%    | 1.0181          | [87.6,90.8,93.1,80.8,84.8,92.6,92.1,86.5,91.5,89.5]
243  | t[163,194,234,314,359]_l[4] | 88.90%    | 3.82%    | 1.0181          | [89.2,91.1,92.6,82.7,84.3,93.9,92.8,85.9,91.2,85.2]
244  | t[234,274,294,314,334]_l[4] | 88.90%    | 3.94%    | 1.0181          | [91.5,91.9,92.2,81.4,84.9,92.9,92.2,85.8,91.1,85.1]
245  | t[163,254,274,314,359]_l[4] | 88.88%    | 3.58%    | 1.0181          | [91.0,89.4,92.3,83.0,84.7,93.1,92.1,84.3,91.7,87.1]
246  | t[163,234,274,314,359]_l[4] | 88.83%    | 4.12%    | 1.0181          | [88.4,89.2,93.8,80.5,84.5,93.6,92.4,85.9,92.0,88.1]
247  | t[254,294,314,334,359]_l[4] | 88.77%    | 3.26%    | 1.0181          | [90.1,90.3,92.6,84.2,84.0,92.2,91.3,85.1,91.4,86.4]
248  | t[214,234,254,294,314]_l[4] | 88.76%    | 3.95%    | 1.0181          | [90.2,89.9,93.6,81.9,84.9,93.2,92.3,85.9,91.3,84.4]
249  | t[194,234,274,294,314]_l[4] | 88.71%    | 3.79%    | 1.0181          | [88.8,91.7,92.9,83.5,85.4,93.4,92.6,84.3,90.4,84.2]
250  | t[234,274,294,334,359]_l[4] | 88.69%    | 3.45%    | 1.0181          | [86.8,89.9,92.7,82.5,85.1,93.0,92.1,85.9,91.4,87.5]
251  | t[234,274,314,334,359]_l[4] | 88.59%    | 3.89%    | 1.0181          | [88.2,91.4,92.1,81.0,85.3,93.0,91.7,86.2,92.2,84.7]
252  | t[254,274,294,314,334]_l[4] | 88.52%    | 3.69%    | 1.0181          | [86.9,90.2,92.3,83.8,84.1,92.7,92.0,84.1,92.9,86.1]
