============================================================
🏆 WINNER CONFIGURATION: t[213,275,300,350,387]_l[4]
============================================================

--- 0. Hardware & Performance Metrics ---
[Parameters]
  - VAE Parameters         : 1.35 M
  - DiT Parameters         : 16.70 M
  - Classifier Parameters  : 1.0181 M
[FLOPs (单次前向传播)]
  - VAE FLOPs              : 514,064,384.0 (0.51G)
  - DiT FLOPs              : 698,548,224.0 (0.70G)
[Time]
  - Feature Extract Time   : 24.88 Seconds
  - DiT Inference Time     : 18.3255 Seconds (Total), 31.17 ms (Avg per call)
  - Classifier Inference   : 2.40 ms (Avg per Test Set)
[GPU Memory]
  - Peak VRAM (Extraction) : 1112.99 MB
  - Peak VRAM (Train/Test) : 896.75 MB

--- 1. Overall Metrics (Mean ± Std over 10 seeds) ---
OA:    92.5663% ± 2.9874%
AA:    92.5169% ± 2.0124%
Kappa: 0.9024  ± 0.0386

--- 2. Per-Class Accuracy (Mean ± Std) ---
Asphalt                  : 85.05% ± 5.60%
Meadows                  : 94.45% ± 3.97%
Gravel                   : 91.83% ± 5.80%
Trees                    : 88.21% ± 5.42%
Painted metal sheets     : 99.73% ± 0.40%
Bare Soil                : 95.75% ± 4.53%
Bitumen                  : 99.28% ± 0.83%
Self-Blocking Bricks     : 93.10% ± 2.97%
Shadows                  : 85.25% ± 10.00%

--- 3. Best Seed Detailed Report (Highest OA run) ---
                      precision    recall  f1-score   support

             Asphalt     0.9743    0.9500    0.9620      6626
             Meadows     0.9762    0.9854    0.9808     18644
              Gravel     0.9456    0.9389    0.9422      2094
               Trees     0.8906    0.9372    0.9133      3059
Painted metal sheets     0.8981    1.0000    0.9463      1340
           Bare Soil     0.9953    0.9373    0.9655      5024
             Bitumen     0.9909    0.9819    0.9864      1325
Self-Blocking Bricks     0.9270    0.9641    0.9452      3677
             Shadows     0.9257    0.7803    0.8468       942

            accuracy                         0.9625     42731
           macro avg     0.9471    0.9417    0.9432     42731
        weighted avg     0.9632    0.9625    0.9624     42731


============================================================
🚀 LEADERBOARD (All Configs)
============================================================
Rank | Config                    | Mean OA    | Std Dev    | Cls Params(M)   | Runs (OA)
-----------------------------------------------------------------------------------------------
1    | t[213,275,300,350,387]_l[4] | 92.57%    | 2.99%    | 1.0181          | [95.3,92.8,96.3,90.0,85.8,95.4,94.5,91.8,93.0,90.8]
2    | t[213,250,300,325,387]_l[4] | 92.49%    | 2.66%    | 1.0181          | [94.5,93.0,95.6,91.4,86.5,95.1,94.8,92.3,92.0,89.8]
3    | t[250,300,325,350,387]_l[4] | 92.43%    | 2.99%    | 1.0181          | [93.2,93.8,95.9,90.3,85.5,95.5,94.8,89.7,93.1,92.5]
4    | t[250,275,300,325,350]_l[4] | 92.42%    | 2.82%    | 1.0181          | [93.7,93.0,96.1,92.0,85.1,94.9,93.6,91.8,93.1,90.9]
5    | t[213,250,275,350,387]_l[4] | 92.37%    | 2.92%    | 1.0181          | [94.4,93.0,95.5,91.3,85.8,95.4,94.1,92.6,93.0,88.6]
6    | t[213,250,300,350,387]_l[4] | 92.35%    | 2.88%    | 1.0181          | [94.6,92.8,95.8,89.0,86.6,95.5,94.3,92.1,93.2,89.6]
7    | t[213,250,275,300,350]_l[4] | 92.28%    | 2.58%    | 1.0181          | [93.8,92.4,94.6,91.6,85.8,95.1,93.8,92.6,93.0,90.1]
8    | t[250,275,300,325,387]_l[4] | 92.23%    | 2.84%    | 1.0181          | [94.2,93.6,95.7,91.9,86.0,94.9,93.8,91.9,91.8,88.5]
9    | t[213,275,300,325,387]_l[4] | 92.22%    | 2.70%    | 1.0181          | [94.9,93.2,95.3,88.7,87.1,94.8,93.8,90.9,93.5,90.1]
10   | t[250,275,300,350,387]_l[4] | 92.19%    | 2.72%    | 1.0181          | [94.6,92.0,95.8,89.5,86.5,95.2,94.0,92.0,91.9,90.4]
11   | t[213,275,300,325,350]_l[4] | 92.15%    | 3.07%    | 1.0181          | [94.5,92.7,95.5,92.6,85.5,95.0,94.1,92.1,91.9,87.6]
12   | t[213,300,325,350,387]_l[4] | 92.08%    | 3.02%    | 1.0181          | [93.3,92.9,95.5,87.3,86.1,95.0,94.7,90.8,92.7,92.5]
13   | t[213,250,275,300,387]_l[4] | 92.05%    | 3.17%    | 1.0181          | [95.0,92.7,95.8,86.7,86.5,95.0,94.4,92.5,91.6,90.2]
14   | t[213,250,300,325,350]_l[4] | 92.03%    | 3.50%    | 1.0181          | [94.1,92.8,95.5,92.7,85.8,94.8,94.3,93.1,92.2,84.9]
15   | t[250,275,325,350,387]_l[4] | 92.01%    | 2.72%    | 1.0181          | [93.5,92.6,95.8,87.4,87.9,95.0,94.3,90.5,90.6,92.6]
16   | t[213,250,275,325,350]_l[4] | 91.87%    | 3.80%    | 1.0181          | [94.2,93.8,95.5,91.4,86.8,94.9,94.1,92.4,92.8,82.8]
17   | t[213,250,275,325,387]_l[4] | 91.79%    | 3.24%    | 1.0181          | [93.9,92.7,95.7,86.4,86.1,95.0,94.4,92.3,91.8,89.6]
18   | t[213,250,325,350,387]_l[4] | 91.76%    | 3.04%    | 1.0181          | [93.4,92.3,95.6,87.1,86.1,94.9,94.1,90.9,93.0,90.1]
19   | t[275,300,325,350,387]_l[4] | 91.71%    | 3.62%    | 1.0181          | [93.8,93.6,96.0,84.1,86.1,94.9,94.1,91.2,91.6,91.6]
20   | t[213,250,275,300,325]_l[3] | 91.70%    | 2.68%    | 1.0181          | [93.9,94.1,93.7,90.1,86.6,95.5,93.2,88.7,91.2,90.0]
21   | t[250,275,325,350,387]_l[3] | 91.66%    | 2.76%    | 1.0181          | [93.2,93.5,94.2,88.9,86.4,95.3,93.1,88.1,91.5,92.6]
22   | t[213,275,325,350,387]_l[4] | 91.66%    | 3.35%    | 1.0181          | [93.7,92.8,95.5,85.9,87.8,95.2,94.1,92.7,92.1,86.8]
23   | t[213,275,300,350,387]_l[3] | 91.66%    | 2.21%    | 1.0181          | [92.9,93.8,93.2,88.9,87.9,95.1,92.9,89.4,91.6,90.8]
24   | t[213,300,325,350,387]_l[3] | 91.59%    | 2.67%    | 1.0181          | [92.9,93.5,94.1,89.2,85.9,94.8,93.2,88.6,92.0,91.6]
25   | t[213,250,275,325,350]_l[3] | 91.59%    | 2.76%    | 1.0181          | [94.5,93.2,93.9,88.4,87.1,95.3,93.6,88.7,91.4,89.8]
26   | t[213,250,275,350,387]_l[3] | 91.56%    | 2.86%    | 1.0181          | [95.0,93.1,94.0,89.4,86.3,95.3,92.8,88.1,91.3,90.2]
27   | t[213,250,300,325,387]_l[3] | 91.55%    | 2.77%    | 1.0181          | [93.7,93.1,94.3,89.2,87.0,95.5,93.8,88.5,91.5,89.0]
28   | t[250,275,300,350,387]_l[3] | 91.53%    | 2.58%    | 1.0181          | [91.9,93.1,94.1,89.3,87.0,95.3,92.6,87.8,91.1,93.1]
29   | t[213,250,300,350,387]_l[3] | 91.49%    | 2.41%    | 1.0181          | [92.7,93.3,93.6,89.6,87.2,95.5,92.8,89.1,91.1,89.9]
30   | t[213,250,300,325,350]_l[3] | 91.41%    | 2.71%    | 1.0181          | [94.3,93.3,92.5,89.1,86.0,95.2,92.9,89.5,92.1,89.2]
31   | t[213,250,325,350,387]_l[3] | 91.38%    | 2.63%    | 1.0181          | [94.1,92.8,93.6,89.7,87.1,95.2,93.0,88.8,91.3,88.2]
32   | t[250,275,300,325,387]_l[3] | 91.35%    | 2.86%    | 1.0181          | [93.1,93.9,94.0,88.0,86.3,95.5,92.1,88.1,90.7,91.7]
33   | t[250,275,300,325,350]_l[3] | 91.33%    | 2.84%    | 1.0181          | [92.8,93.0,94.4,89.1,86.0,95.3,91.8,87.3,92.1,91.4]
34   | t[213,275,300,325,387]_l[3] | 91.32%    | 2.67%    | 1.0181          | [92.5,92.8,94.6,88.4,87.1,95.1,92.9,88.0,91.9,90.0]
35   | t[213,250,275,325,387]_l[3] | 91.31%    | 2.92%    | 1.0181          | [93.4,93.9,94.3,88.4,86.6,95.1,92.9,87.3,91.2,89.9]
36   | t[213,250,275,300,350]_l[3] | 91.30%    | 2.63%    | 1.0181          | [93.4,92.9,93.1,89.6,86.6,95.2,93.1,87.6,91.7,89.7]
37   | t[213,250,275,300,387]_l[3] | 91.27%    | 3.01%    | 1.0181          | [94.0,94.2,93.9,88.1,86.9,94.8,92.7,87.7,92.2,88.2]
38   | t[250,300,325,350,387]_l[3] | 91.26%    | 2.94%    | 1.0181          | [93.1,93.7,93.7,89.6,85.3,95.2,93.1,88.0,91.5,89.2]
39   | t[213,250,275,300,325]_l[4] | 91.22%    | 3.87%    | 1.0181          | [94.7,93.2,95.6,86.1,84.8,95.0,94.2,90.6,91.5,86.4]
40   | t[275,300,325,350,387]_l[3] | 91.21%    | 2.81%    | 1.0181          | [93.4,93.2,93.9,88.6,86.1,95.0,93.2,88.3,90.8,89.5]
41   | t[213,275,300,325,350]_l[3] | 91.05%    | 2.74%    | 1.0181          | [91.2,92.8,94.1,89.8,86.2,95.1,92.7,89.6,92.1,87.0]
42   | t[213,275,325,350,387]_l[3] | 90.93%    | 3.10%    | 1.0181          | [93.0,92.7,94.5,88.8,85.8,94.7,93.6,87.8,91.2,87.2]
43   | t[213,300,325,350,387]_l[5] | 90.79%    | 3.34%    | 1.0181          | [92.8,93.4,94.5,85.7,86.1,92.4,94.4,89.0,92.8,86.8]
44   | t[250,300,325,350,387]_l[5] | 90.72%    | 3.03%    | 1.0181          | [91.6,93.7,94.4,85.9,87.1,92.1,93.7,88.0,93.0,87.6]
45   | t[213,250,300,350,387]_l[5] | 90.63%    | 2.85%    | 1.0181          | [91.7,93.7,93.9,88.8,85.0,92.1,93.4,88.2,91.7,87.7]
46   | t[213,275,325,350,387]_l[5] | 90.60%    | 2.96%    | 1.0181          | [90.8,93.9,94.5,86.9,85.4,92.4,93.5,90.0,90.9,87.7]
47   | t[250,275,300,350,387]_l[5] | 90.54%    | 3.14%    | 1.0181          | [91.7,94.0,93.6,85.1,85.6,92.5,93.9,89.8,90.8,88.4]
48   | t[275,300,325,350,387]_l[5] | 90.47%    | 3.32%    | 1.0181          | [92.6,94.1,94.2,85.7,86.7,92.5,93.1,87.2,92.1,86.5]
49   | t[213,250,275,300,350]_l[5] | 90.42%    | 2.80%    | 1.0181          | [90.4,93.9,93.6,88.2,84.8,92.1,93.2,88.2,91.1,88.6]
50   | t[213,250,300,325,387]_l[5] | 90.42%    | 3.07%    | 1.0181          | [91.6,93.7,93.7,87.4,86.1,92.9,93.1,87.5,92.1,86.1]
51   | t[250,275,325,350,387]_l[5] | 90.35%    | 2.93%    | 1.0181          | [90.9,94.1,94.1,86.1,86.0,92.1,93.0,87.8,90.8,88.6]
52   | t[250,275,300,325,387]_l[5] | 90.33%    | 3.09%    | 1.0181          | [91.9,94.1,94.2,86.0,85.8,92.6,92.8,87.7,90.3,87.8]
53   | t[213,250,300,325,350]_l[5] | 90.33%    | 3.26%    | 1.0181          | [90.9,94.1,94.8,85.8,85.9,91.7,93.4,88.2,91.8,86.6]
54   | t[213,250,275,325,387]_l[5] | 90.28%    | 3.18%    | 1.0181          | [91.8,93.4,94.3,85.5,85.9,91.5,93.4,88.2,92.0,86.9]
55   | t[213,250,275,300,387]_l[5] | 90.27%    | 3.10%    | 1.0181          | [91.5,93.5,94.0,87.0,85.6,92.6,92.7,87.1,92.0,86.6]
56   | t[213,275,300,325,387]_l[5] | 90.27%    | 3.33%    | 1.0181          | [91.8,93.7,94.5,84.9,85.0,92.1,93.2,88.2,91.0,88.0]
57   | t[213,275,300,325,350]_l[5] | 90.19%    | 3.57%    | 1.0181          | [91.9,94.0,94.6,84.3,85.8,92.3,93.0,88.0,91.9,86.1]
58   | t[213,250,275,325,350]_l[5] | 90.18%    | 3.58%    | 1.0181          | [91.4,93.9,94.6,87.2,85.6,92.1,93.4,89.1,91.1,83.4]
59   | t[250,275,300,325,350]_l[5] | 90.11%    | 3.17%    | 1.0181          | [91.5,94.3,94.4,85.4,85.2,91.7,92.2,88.1,90.3,87.9]
60   | t[213,275,300,350,387]_l[5] | 90.08%    | 3.20%    | 1.0181          | [90.8,93.4,93.8,85.5,85.1,93.0,92.7,87.3,91.7,87.7]
61   | t[213,250,325,350,387]_l[5] | 90.08%    | 3.56%    | 1.0181          | [91.4,93.6,94.7,86.0,85.0,91.7,93.5,87.6,92.1,85.1]
62   | t[213,250,275,350,387]_l[5] | 90.04%    | 2.98%    | 1.0181          | [90.8,93.4,93.5,86.4,84.2,92.4,92.7,88.3,89.9,88.7]
63   | t[213,250,275,300,325]_l[5] | 89.47%    | 3.95%    | 1.0181          | [92.3,93.2,93.9,85.4,84.9,92.1,93.5,85.5,90.4,83.4]
