============================================================
🏆 WINNER CONFIGURATION: t[33,68,98,137,245]_l[3]
============================================================

--- 0. Hardware & Performance Metrics ---
[Parameters]
  - VAE Parameters         : 1.35 M
  - DiT Parameters         : 16.80 M
  - Classifier Parameters  : 1.0181 M
[FLOPs (单次前向传播)]
  - VAE FLOPs              : 514,064,384.0 (0.51G)
  - DiT FLOPs              : 704,839,680.0 (0.70G)
[Time]
  - Feature Extract Time   : 41.82 Seconds
  - DiT Inference Time     : 27.2062 Seconds (Total), 10.15 ms (Avg per call)
  - Classifier Inference   : 3.04 ms (Avg per Test Set)
[GPU Memory]
  - Peak VRAM (Extraction) : 347.39 MB
  - Peak VRAM (Train/Test) : 824.42 MB

--- 1. Overall Metrics (Mean ± Std over 10 seeds) ---
OA:    84.4787% ± 2.9451%
AA:    83.6916% ± 2.7207%
Kappa: 0.7943  ± 0.0382

--- 2. Per-Class Accuracy (Mean ± Std) ---
Asphalt                  : 78.88% ± 11.15%
Meadows                  : 91.42% ± 5.25%
Gravel                   : 78.53% ± 7.38%
Trees                    : 73.77% ± 14.38%
Painted metal sheets     : 99.41% ± 0.83%
Bare Soil                : 71.70% ± 6.66%
Bitumen                  : 97.62% ± 4.01%
Self-Blocking Bricks     : 79.49% ± 12.20%
Shadows                  : 82.41% ± 10.59%

--- 3. Best Seed Detailed Report (Highest OA run) ---
                      precision    recall  f1-score   support

             Asphalt     0.9485    0.7609    0.8444      6626
             Meadows     0.9068    0.9883    0.9458     18644
              Gravel     0.9183    0.7679    0.8364      2094
               Trees     0.9259    0.7764    0.8446      3059
Painted metal sheets     0.7449    1.0000    0.8538      1340
           Bare Soil     0.9846    0.6990    0.8176      5024
             Bitumen     0.6289    1.0000    0.7721      1325
Self-Blocking Bricks     0.7240    0.9083    0.8058      3677
             Shadows     0.8903    0.6550    0.7547       942

            accuracy                         0.8796     42731
           macro avg     0.8525    0.8395    0.8306     42731
        weighted avg     0.8945    0.8796    0.8779     42731


============================================================
🚀 LEADERBOARD (All Configs)
============================================================
Rank | Config                    | Mean OA    | Std Dev    | Cls Params(M)   | Runs (OA)
-----------------------------------------------------------------------------------------------
1    | t[33,68,98,137,245]_l[3]  | 84.48%    | 2.95%    | 1.0181          | [82.5,84.4,87.1,81.5,79.0,88.0,87.6,82.7,87.9,84.2]
2    | t[33,68,98,137,208]_l[3]  | 84.45%    | 3.22%    | 1.0181          | [83.4,86.1,87.4,81.0,78.9,88.4,87.6,81.8,87.7,82.2]
3    | t[33,98,137,169,245]_l[5] | 84.43%    | 3.46%    | 1.0181          | [77.9,86.8,86.8,83.0,79.8,87.9,88.0,82.8,88.1,83.3]
4    | t[0,68,98,137,208]_l[3]   | 84.40%    | 2.80%    | 1.0181          | [83.8,84.6,87.0,81.8,79.6,88.0,87.8,82.2,87.0,82.1]
5    | t[33,68,98,169,245]_l[5]  | 84.38%    | 3.30%    | 1.0181          | [80.2,85.7,87.4,82.0,79.7,88.2,88.4,81.9,87.8,82.5]
6    | t[68,98,137,208,245]_l[5] | 84.37%    | 3.23%    | 1.0181          | [80.1,85.1,87.4,81.5,79.4,88.2,88.0,81.9,87.4,84.6]
7    | t[68,98,137,169,245]_l[3] | 84.36%    | 2.93%    | 1.0181          | [81.0,84.5,87.0,82.3,79.3,87.9,87.9,83.9,87.4,82.3]
8    | t[0,68,98,208,245]_l[5]   | 84.22%    | 3.56%    | 1.0181          | [80.8,85.4,87.7,81.3,78.9,89.5,87.8,80.5,87.2,83.3]
9    | t[33,137,169,208,245]_l[3] | 84.20%    | 2.95%    | 1.0181          | [82.3,84.9,86.6,82.5,78.6,88.3,87.4,81.4,86.8,83.0]
10   | t[0,33,68,98,245]_l[5]    | 84.19%    | 3.70%    | 1.0181          | [78.2,87.0,87.2,83.8,78.9,87.7,88.3,80.5,87.5,82.7]
11   | t[33,68,98,169,208]_l[3]  | 84.17%    | 3.28%    | 1.0181          | [82.6,85.8,87.2,82.5,78.1,88.1,87.3,81.0,87.5,81.7]
12   | t[33,68,98,137,245]_l[5]  | 84.17%    | 3.28%    | 1.0181          | [82.6,84.8,87.8,81.3,79.4,87.7,88.2,80.4,87.7,81.9]
13   | t[33,68,98,137,169]_l[3]  | 84.17%    | 3.29%    | 1.0181          | [83.5,85.3,86.7,79.2,79.4,88.5,87.9,81.0,87.2,83.0]
14   | t[33,68,137,169,208]_l[3] | 84.16%    | 3.35%    | 1.0181          | [80.8,86.4,87.2,82.2,78.8,87.7,87.7,80.7,87.8,82.3]
15   | t[0,68,98,137,169]_l[4]   | 84.16%    | 3.23%    | 1.0181          | [82.0,85.7,88.0,82.3,79.8,87.5,87.7,81.1,87.4,80.1]
16   | t[33,68,98,137,208]_l[4]  | 84.14%    | 3.20%    | 1.0181          | [82.6,86.3,86.9,80.5,78.5,87.1,87.4,82.2,87.9,81.9]
17   | t[33,68,137,208,245]_l[5] | 84.13%    | 3.45%    | 1.0181          | [81.6,85.9,87.5,80.5,79.0,88.6,87.5,79.9,87.2,83.6]
18   | t[33,68,98,137,169]_l[5]  | 84.11%    | 3.40%    | 1.0181          | [79.7,85.6,86.6,81.0,79.3,88.3,88.6,82.6,87.4,82.1]
19   | t[68,137,169,208,245]_l[3] | 84.10%    | 3.32%    | 1.0181          | [83.4,84.7,87.0,81.5,78.5,88.2,88.1,80.5,87.5,81.7]
20   | t[0,68,137,169,245]_l[5]  | 84.10%    | 3.35%    | 1.0181          | [80.9,86.7,86.7,81.1,79.7,88.5,87.5,80.7,87.7,81.6]
21   | t[0,33,68,137,169]_l[3]   | 84.10%    | 3.54%    | 1.0181          | [80.6,86.4,87.2,81.6,79.1,88.2,88.4,82.6,87.2,79.7]
22   | t[68,98,169,208,245]_l[3] | 84.09%    | 3.38%    | 1.0181          | [81.6,85.7,87.3,80.9,78.2,88.0,87.5,80.8,87.5,83.5]
23   | t[68,98,137,169,245]_l[5] | 84.07%    | 3.29%    | 1.0181          | [80.2,85.1,87.0,81.9,79.9,87.8,87.4,79.5,88.0,83.8]
24   | t[68,98,137,169,208]_l[5] | 84.07%    | 3.61%    | 1.0181          | [79.1,86.9,86.6,81.3,79.4,88.5,87.1,80.0,88.1,83.6]
25   | t[33,68,137,169,245]_l[3] | 84.06%    | 3.14%    | 1.0181          | [79.4,85.1,87.2,81.8,80.0,87.1,87.4,81.4,88.0,83.0]
26   | t[0,137,169,208,245]_l[5] | 84.06%    | 3.66%    | 1.0181          | [80.3,85.9,86.8,80.9,78.7,88.9,88.4,82.9,87.5,80.2]
27   | t[33,68,169,208,245]_l[3] | 84.05%    | 2.90%    | 1.0181          | [81.9,84.4,87.3,82.2,78.4,87.0,87.6,82.0,86.8,82.9]
28   | t[33,98,137,169,208]_l[5] | 84.04%    | 3.82%    | 1.0181          | [80.3,86.9,87.6,80.2,79.1,89.2,87.6,80.2,87.6,81.7]
29   | t[68,137,169,208,245]_l[5] | 84.02%    | 3.83%    | 1.0181          | [79.4,86.5,87.9,79.7,79.1,88.7,88.1,80.7,87.3,82.8]
30   | t[0,68,98,137,169]_l[3]   | 84.01%    | 3.64%    | 1.0181          | [81.3,85.8,87.9,80.8,79.1,88.1,88.4,81.6,87.4,79.7]
31   | t[68,98,137,208,245]_l[3] | 83.99%    | 2.89%    | 1.0181          | [81.5,84.1,87.6,81.7,79.1,86.7,87.3,81.4,87.1,83.4]
32   | t[0,33,98,137,208]_l[3]   | 83.99%    | 3.38%    | 1.0181          | [82.5,85.6,87.7,80.9,78.8,87.6,88.1,81.8,86.9,80.0]
33   | t[33,98,137,169,245]_l[4] | 83.97%    | 3.53%    | 1.0181          | [78.5,85.1,87.7,80.0,79.2,87.8,87.6,83.9,87.2,82.6]
34   | t[0,98,137,208,245]_l[3]  | 83.96%    | 3.29%    | 1.0181          | [79.4,84.9,87.1,81.2,79.2,87.8,88.2,82.4,86.9,82.5]
35   | t[33,68,137,169,245]_l[5] | 83.96%    | 3.33%    | 1.0181          | [78.4,85.6,86.6,81.3,79.4,87.7,87.6,82.6,87.5,83.0]
36   | t[33,68,98,137,208]_l[5]  | 83.95%    | 3.59%    | 1.0181          | [79.4,85.8,87.1,83.1,79.2,87.9,87.8,79.3,87.8,82.0]
37   | t[33,68,98,208,245]_l[5]  | 83.95%    | 3.76%    | 1.0181          | [80.1,86.7,87.7,80.2,79.3,88.4,87.9,79.7,87.3,82.1]
38   | t[33,68,98,208,245]_l[3]  | 83.92%    | 2.89%    | 1.0181          | [82.0,84.3,87.1,81.7,78.7,87.1,87.0,81.1,86.9,83.2]
39   | t[0,33,98,169,208]_l[3]   | 83.91%    | 3.53%    | 1.0181          | [82.9,85.2,87.3,80.0,78.2,88.3,87.4,82.5,87.3,79.8]
40   | t[0,33,98,137,245]_l[3]   | 83.91%    | 3.10%    | 1.0181          | [82.2,85.1,87.4,81.5,79.2,87.8,87.5,81.5,86.4,80.5]
41   | t[0,68,98,137,245]_l[3]   | 83.90%    | 3.05%    | 1.0181          | [80.3,84.2,86.7,81.0,79.4,86.8,87.8,83.6,87.7,81.6]
42   | t[33,98,137,169,208]_l[3] | 83.90%    | 3.23%    | 1.0181          | [80.6,84.8,86.9,81.7,79.1,88.0,87.5,80.3,87.3,82.8]
43   | t[68,98,137,169,208]_l[3] | 83.90%    | 3.36%    | 1.0181          | [83.4,85.1,86.8,79.8,78.9,87.6,88.1,81.3,87.2,80.7]
44   | t[33,68,98,137,245]_l[4]  | 83.89%    | 2.93%    | 1.0181          | [81.1,84.1,87.1,81.1,80.0,86.7,87.6,81.6,87.7,82.0]
45   | t[98,137,169,208,245]_l[4] | 83.89%    | 3.36%    | 1.0181          | [82.6,85.2,87.5,81.5,77.8,87.7,87.3,80.8,87.4,81.2]
46   | t[0,33,68,137,245]_l[3]   | 83.87%    | 3.78%    | 1.0181          | [79.9,84.7,87.0,84.5,79.0,88.7,87.3,83.3,87.1,77.1]
47   | t[98,137,169,208,245]_l[3] | 83.87%    | 3.22%    | 1.0181          | [80.8,84.2,86.9,81.1,79.6,88.1,88.0,81.6,87.3,81.2]
48   | t[0,33,137,169,245]_l[3]  | 83.86%    | 3.37%    | 1.0181          | [80.0,85.3,86.8,82.4,79.0,88.2,87.9,80.9,87.0,81.0]
49   | t[0,68,98,169,245]_l[4]   | 83.86%    | 3.25%    | 1.0181          | [79.8,85.2,86.7,81.1,79.4,87.3,87.8,82.6,87.7,81.0]
50   | t[33,137,169,208,245]_l[5] | 83.85%    | 3.57%    | 1.0181          | [80.2,86.6,86.6,79.6,78.6,88.3,87.6,82.3,87.4,81.5]
51   | t[0,33,68,208,245]_l[5]   | 83.84%    | 3.96%    | 1.0181          | [78.4,85.2,88.0,80.8,78.9,89.2,88.3,82.8,86.9,79.8]
52   | t[0,33,68,98,208]_l[3]    | 83.82%    | 3.82%    | 1.0181          | [81.2,86.4,87.6,80.9,78.2,87.7,88.3,80.1,87.6,80.1]
53   | t[33,98,169,208,245]_l[5] | 83.80%    | 3.40%    | 1.0181          | [79.5,85.1,87.3,80.1,80.0,88.7,87.2,81.7,86.8,81.7]
54   | t[0,68,98,137,245]_l[4]   | 83.80%    | 3.71%    | 1.0181          | [79.6,86.8,87.5,81.7,78.9,87.0,88.3,78.8,87.1,82.4]
55   | t[0,33,137,169,245]_l[5]  | 83.80%    | 3.61%    | 1.0181          | [77.2,86.2,87.1,81.3,79.9,87.4,87.5,81.2,87.6,82.7]
56   | t[33,68,137,208,245]_l[3] | 83.80%    | 3.39%    | 1.0181          | [78.8,84.3,87.1,82.4,79.0,87.5,88.0,80.5,87.2,83.3]
57   | t[33,68,98,137,169]_l[4]  | 83.79%    | 3.67%    | 1.0181          | [78.6,85.9,87.1,81.5,79.4,88.8,87.6,81.2,87.2,80.7]
58   | t[0,33,68,169,245]_l[3]   | 83.79%    | 3.42%    | 1.0181          | [79.7,85.6,87.6,81.7,78.7,87.7,87.7,82.1,86.7,80.4]
59   | t[33,68,98,169,245]_l[3]  | 83.78%    | 3.44%    | 1.0181          | [79.2,85.6,86.8,79.5,78.9,87.7,87.3,82.8,87.3,82.5]
60   | t[33,68,137,208,245]_l[4] | 83.78%    | 3.17%    | 1.0181          | [79.3,84.8,87.3,81.4,79.4,87.2,87.7,82.0,86.6,82.0]
61   | t[33,68,137,169,208]_l[5] | 83.77%    | 3.46%    | 1.0181          | [78.8,86.1,85.8,80.1,79.1,87.8,87.6,81.6,87.6,83.0]
62   | t[33,98,137,208,245]_l[4] | 83.76%    | 3.42%    | 1.0181          | [79.9,85.1,87.3,80.2,78.6,87.6,87.7,81.0,87.1,83.3]
63   | t[0,33,137,208,245]_l[3]  | 83.76%    | 3.44%    | 1.0181          | [79.6,85.1,87.5,79.6,79.2,87.4,88.1,81.9,86.9,82.4]
64   | t[0,68,98,208,245]_l[3]   | 83.75%    | 3.48%    | 1.0181          | [79.1,84.8,87.1,81.8,78.4,87.7,87.4,83.9,87.3,80.2]
65   | t[0,68,137,169,245]_l[4]  | 83.75%    | 3.52%    | 1.0181          | [80.8,85.9,87.0,80.8,79.2,87.8,88.1,80.0,87.4,80.7]
66   | t[0,68,98,169,208]_l[3]   | 83.75%    | 3.72%    | 1.0181          | [83.1,85.5,87.0,77.8,78.8,88.6,87.6,81.5,87.1,80.5]
67   | t[0,68,137,169,208]_l[4]  | 83.75%    | 3.41%    | 1.0181          | [81.3,86.6,86.2,81.7,79.2,87.8,87.4,78.9,87.2,81.2]
68   | t[0,33,137,169,208]_l[3]  | 83.74%    | 3.33%    | 1.0181          | [80.9,86.4,86.0,80.9,78.9,88.0,87.1,81.2,87.3,80.6]
69   | t[33,98,137,169,245]_l[3] | 83.74%    | 2.74%    | 1.0181          | [80.8,84.4,86.6,82.0,79.3,86.9,87.0,81.1,86.4,83.0]
70   | t[0,68,137,169,245]_l[3]  | 83.73%    | 3.05%    | 1.0181          | [79.8,84.7,86.7,83.3,79.9,86.9,87.3,81.0,87.3,80.5]
71   | t[0,33,98,208,245]_l[4]   | 83.73%    | 3.47%    | 1.0181          | [79.2,85.2,87.6,79.7,79.8,87.8,87.6,82.1,87.1,81.2]
72   | t[0,33,169,208,245]_l[4]  | 83.72%    | 3.43%    | 1.0181          | [80.4,85.8,87.1,79.3,79.1,88.1,87.2,81.5,87.0,81.9]
73   | t[0,33,68,169,245]_l[5]   | 83.72%    | 3.96%    | 1.0181          | [77.7,87.5,86.4,81.9,81.2,88.7,87.4,81.8,86.9,77.6]
74   | t[33,98,169,208,245]_l[3] | 83.71%    | 3.29%    | 1.0181          | [80.0,84.0,87.2,82.2,78.2,87.7,87.8,81.0,86.6,82.4]
75   | t[0,68,98,169,245]_l[3]   | 83.71%    | 3.30%    | 1.0181          | [80.4,85.2,87.2,80.3,79.8,87.8,87.3,81.8,87.1,80.3]
76   | t[0,33,68,98,169]_l[4]    | 83.70%    | 3.72%    | 1.0181          | [80.0,86.0,87.1,80.5,78.6,88.4,88.3,80.2,86.7,81.1]
77   | t[0,33,98,137,245]_l[5]   | 83.69%    | 3.56%    | 1.0181          | [79.2,85.1,88.0,79.6,79.6,87.7,87.9,82.5,86.6,80.6]
78   | t[68,98,137,169,208]_l[4] | 83.68%    | 3.75%    | 1.0181          | [81.1,85.4,86.2,79.8,79.0,88.9,88.1,79.6,87.8,80.9]
79   | t[33,98,137,208,245]_l[3] | 83.67%    | 3.22%    | 1.0181          | [79.7,84.0,87.3,80.4,78.5,86.8,87.7,82.5,86.6,83.1]
80   | t[0,33,68,98,137]_l[3]    | 83.67%    | 3.62%    | 1.0181          | [80.2,85.6,87.3,81.5,78.8,87.7,88.0,81.6,87.2,78.9]
81   | t[0,33,68,98,245]_l[3]    | 83.65%    | 3.62%    | 1.0181          | [79.4,84.8,88.2,81.2,78.9,87.5,87.7,81.5,87.3,80.0]
82   | t[0,33,98,137,169]_l[4]   | 83.65%    | 3.68%    | 1.0181          | [81.7,84.6,87.9,79.0,79.1,87.9,87.6,81.5,87.5,79.6]
83   | t[0,98,137,169,208]_l[3]  | 83.65%    | 3.28%    | 1.0181          | [81.9,85.2,85.6,81.5,78.6,87.7,87.5,80.9,87.6,79.9]
84   | t[0,137,169,208,245]_l[4] | 83.65%    | 3.39%    | 1.0181          | [81.7,85.8,86.7,80.8,78.9,87.7,87.5,80.0,87.0,80.5]
85   | t[0,33,68,169,208]_l[4]   | 83.65%    | 3.73%    | 1.0181          | [82.4,86.2,87.8,80.1,78.9,87.4,87.3,80.0,87.4,78.9]
86   | t[0,33,98,137,169]_l[3]   | 83.65%    | 3.60%    | 1.0181          | [80.6,84.9,87.8,79.4,79.1,87.7,87.7,82.8,87.0,79.4]
87   | t[0,98,137,169,245]_l[4]  | 83.65%    | 3.43%    | 1.0181          | [78.2,84.8,86.8,80.8,79.3,88.1,87.3,81.1,86.9,83.2]
88   | t[0,68,137,169,208]_l[3]  | 83.64%    | 3.53%    | 1.0181          | [80.7,85.5,87.3,80.7,79.0,87.8,87.0,80.8,87.8,79.7]
89   | t[0,33,137,169,208]_l[5]  | 83.64%    | 3.76%    | 1.0181          | [80.1,87.4,86.6,81.2,79.9,87.2,88.1,77.8,87.1,81.0]
90   | t[68,98,137,169,245]_l[4] | 83.63%    | 3.45%    | 1.0181          | [78.5,84.8,87.7,80.8,79.2,86.8,87.7,81.8,87.3,81.7]
91   | t[0,98,137,169,245]_l[5]  | 83.63%    | 3.77%    | 1.0181          | [80.7,86.4,86.4,79.8,78.8,88.3,88.0,79.2,87.4,81.3]
92   | t[0,33,98,208,245]_l[3]   | 83.62%    | 3.13%    | 1.0181          | [79.5,84.8,87.0,80.7,79.0,87.1,87.3,83.1,86.2,81.4]
93   | t[0,33,98,208,245]_l[5]   | 83.62%    | 3.92%    | 1.0181          | [78.7,85.6,88.2,81.6,79.6,88.1,87.7,80.0,87.5,79.3]
94   | t[68,98,169,208,245]_l[5] | 83.62%    | 3.85%    | 1.0181          | [79.6,86.2,87.7,79.8,79.3,88.3,87.4,79.3,87.4,81.2]
95   | t[0,98,169,208,245]_l[5]  | 83.62%    | 3.60%    | 1.0181          | [81.8,85.0,87.0,79.8,79.0,88.6,87.7,80.7,87.0,79.7]
96   | t[0,33,68,137,245]_l[5]   | 83.61%    | 3.46%    | 1.0181          | [79.2,85.5,87.6,81.9,80.0,86.6,87.5,81.5,87.4,79.0]
97   | t[68,137,169,208,245]_l[4] | 83.61%    | 3.87%    | 1.0181          | [79.2,85.8,87.8,80.3,78.0,87.8,87.3,79.2,87.5,83.2]
98   | t[0,68,137,169,208]_l[5]  | 83.60%    | 3.82%    | 1.0181          | [79.3,87.5,87.3,80.1,79.3,87.7,87.2,80.8,87.4,79.5]
99   | t[0,68,169,208,245]_l[5]  | 83.60%    | 3.92%    | 1.0181          | [79.3,86.3,86.6,79.5,79.3,88.9,88.1,80.5,87.3,80.2]
100  | t[98,137,169,208,245]_l[5] | 83.60%    | 3.77%    | 1.0181          | [79.9,84.4,88.0,80.5,78.4,88.7,87.5,79.8,87.1,81.7]
101  | t[33,98,169,208,245]_l[4] | 83.59%    | 3.51%    | 1.0181          | [79.1,85.0,86.7,80.6,78.6,88.0,87.7,81.0,87.1,82.1]
102  | t[0,33,137,169,208]_l[4]  | 83.59%    | 3.62%    | 1.0181          | [81.4,85.8,87.0,80.9,78.8,88.2,87.2,79.5,87.2,79.8]
103  | t[0,68,98,169,245]_l[5]   | 83.59%    | 4.31%    | 1.0181          | [78.4,86.7,86.5,78.6,80.2,89.3,88.3,78.1,87.6,82.2]
104  | t[0,68,98,137,208]_l[5]   | 83.58%    | 4.24%    | 1.0181          | [79.7,86.8,88.1,78.7,78.8,88.5,88.2,80.5,87.3,79.2]
105  | t[33,68,98,169,245]_l[4]  | 83.58%    | 3.23%    | 1.0181          | [78.9,85.2,86.7,81.3,79.6,86.6,87.5,80.6,87.3,82.1]
106  | t[33,137,169,208,245]_l[4] | 83.56%    | 3.32%    | 1.0181          | [79.7,85.6,86.7,79.6,78.9,87.7,87.0,81.1,86.6,82.8]
107  | t[0,33,68,169,208]_l[3]   | 83.55%    | 3.77%    | 1.0181          | [80.1,86.0,87.8,81.0,78.1,87.5,88.0,81.3,86.6,79.1]
108  | t[0,33,98,169,245]_l[5]   | 83.55%    | 3.66%    | 1.0181          | [78.6,86.2,86.1,81.6,80.6,88.3,87.6,79.4,87.3,79.8]
109  | t[0,33,68,137,169]_l[4]   | 83.54%    | 3.32%    | 1.0181          | [81.8,84.5,86.4,80.2,79.3,88.2,87.5,80.9,86.9,79.8]
110  | t[33,98,137,208,245]_l[5] | 83.54%    | 3.94%    | 1.0181          | [78.2,85.6,87.3,81.2,78.8,88.2,88.1,78.8,87.0,82.2]
111  | t[0,98,137,169,245]_l[3]  | 83.53%    | 3.47%    | 1.0181          | [78.5,85.2,87.0,82.9,79.1,86.4,87.7,80.4,87.6,80.6]
112  | t[0,33,68,208,245]_l[3]   | 83.53%    | 3.60%    | 1.0181          | [81.7,84.9,87.7,78.6,78.3,87.6,87.3,81.8,87.0,80.4]
113  | t[0,33,68,98,169]_l[3]    | 83.53%    | 3.64%    | 1.0181          | [80.6,85.5,85.9,78.9,79.3,88.1,88.4,81.5,87.2,79.9]
114  | t[0,98,169,208,245]_l[3]  | 83.52%    | 3.49%    | 1.0181          | [79.2,83.8,87.0,80.4,79.2,88.4,87.6,81.3,87.0,81.2]
115  | t[68,98,169,208,245]_l[4] | 83.52%    | 3.26%    | 1.0181          | [82.5,83.9,87.2,80.0,78.2,87.3,86.8,80.7,87.2,81.3]
116  | t[0,33,169,208,245]_l[5]  | 83.51%    | 3.80%    | 1.0181          | [78.7,85.6,87.5,81.2,78.4,88.4,87.6,81.1,86.6,79.9]
117  | t[0,33,98,137,208]_l[4]   | 83.51%    | 3.64%    | 1.0181          | [81.0,85.3,87.7,81.3,78.9,86.7,88.1,79.6,87.3,79.2]
118  | t[0,33,137,208,245]_l[5]  | 83.50%    | 3.83%    | 1.0181          | [77.3,85.5,87.6,80.2,79.0,87.7,87.7,83.0,86.8,80.3]
119  | t[0,68,137,208,245]_l[5]  | 83.50%    | 4.24%    | 1.0181          | [77.5,86.3,87.3,79.1,78.5,88.5,88.3,82.5,87.2,79.8]
120  | t[33,68,169,208,245]_l[5] | 83.49%    | 3.95%    | 1.0181          | [79.7,84.9,87.7,81.0,78.5,88.9,87.6,80.0,87.4,79.2]
121  | t[33,98,137,169,208]_l[4] | 83.49%    | 3.38%    | 1.0181          | [79.5,85.1,86.1,79.9,79.4,87.6,87.6,80.4,87.3,81.8]
122  | t[0,68,98,137,245]_l[5]   | 83.48%    | 3.79%    | 1.0181          | [78.0,85.2,87.7,81.3,81.2,87.2,88.3,80.1,87.1,78.8]
123  | t[0,68,98,169,208]_l[4]   | 83.48%    | 3.72%    | 1.0181          | [79.0,85.7,87.2,81.2,78.8,87.9,87.4,80.2,87.3,80.0]
124  | t[0,98,137,208,245]_l[4]  | 83.47%    | 3.96%    | 1.0181          | [78.6,84.8,88.3,79.1,78.9,88.6,87.1,80.0,87.4,81.8]
125  | t[0,33,98,169,245]_l[3]   | 83.46%    | 3.77%    | 1.0181          | [78.4,85.2,87.3,80.6,79.3,88.3,87.6,81.3,87.1,79.5]
126  | t[33,68,169,208,245]_l[4] | 83.45%    | 3.84%    | 1.0181          | [77.1,85.1,87.0,79.2,79.1,88.1,87.8,82.1,86.7,82.3]
127  | t[33,68,137,169,208]_l[4] | 83.44%    | 3.77%    | 1.0181          | [81.0,85.6,87.4,78.8,78.6,88.0,87.4,80.4,87.2,80.1]
128  | t[0,33,98,169,208]_l[5]   | 83.44%    | 4.08%    | 1.0181          | [79.7,86.9,87.6,81.1,79.6,87.9,87.5,79.9,87.2,77.2]
129  | t[0,68,98,169,208]_l[5]   | 83.44%    | 4.03%    | 1.0181          | [78.9,87.3,87.2,81.3,79.2,88.0,87.1,78.6,87.5,79.4]
130  | t[68,98,137,208,245]_l[4] | 83.44%    | 3.28%    | 1.0181          | [80.7,83.9,87.9,79.4,78.5,86.4,87.1,81.1,86.8,82.4]
131  | t[33,68,98,169,208]_l[4]  | 83.42%    | 3.62%    | 1.0181          | [81.0,84.7,86.5,79.0,79.0,88.2,87.7,80.4,87.3,80.4]
132  | t[0,98,169,208,245]_l[4]  | 83.42%    | 3.39%    | 1.0181          | [80.9,83.9,88.1,80.0,78.3,87.4,86.7,80.5,86.7,81.8]
133  | t[0,98,137,169,208]_l[4]  | 83.41%    | 3.65%    | 1.0181          | [80.3,85.7,86.8,80.9,78.8,88.2,86.5,77.8,87.1,82.0]
134  | t[33,68,98,169,208]_l[5]  | 83.41%    | 3.90%    | 1.0181          | [77.8,86.4,86.4,80.5,78.6,87.4,88.0,80.5,87.7,80.8]
135  | t[0,33,68,137,208]_l[5]   | 83.40%    | 4.19%    | 1.0181          | [78.5,87.2,87.8,81.5,78.1,87.1,87.9,79.9,87.4,78.6]
136  | t[0,33,98,137,245]_l[4]   | 83.40%    | 3.55%    | 1.0181          | [79.7,84.4,87.3,81.3,78.8,87.5,87.7,81.4,86.9,79.0]
137  | t[0,33,98,169,208]_l[4]   | 83.39%    | 3.71%    | 1.0181          | [78.7,87.0,87.0,80.7,79.7,86.3,87.4,80.7,87.5,78.9]
138  | t[0,68,137,208,245]_l[3]  | 83.39%    | 3.55%    | 1.0181          | [79.1,84.7,87.4,79.7,78.5,86.8,87.8,81.9,87.0,81.0]
139  | t[0,68,98,137,208]_l[4]   | 83.39%    | 3.66%    | 1.0181          | [80.9,85.0,87.2,79.2,79.0,87.6,87.4,78.8,87.3,81.5]
140  | t[0,137,169,208,245]_l[3] | 83.39%    | 3.60%    | 1.0181          | [79.2,84.5,86.8,80.5,78.8,87.8,87.5,80.0,87.5,81.3]
141  | t[0,33,68,137,208]_l[3]   | 83.38%    | 3.85%    | 1.0181          | [80.4,85.6,88.0,78.1,78.7,87.1,87.8,81.4,87.0,79.7]
142  | t[0,33,68,137,169]_l[5]   | 83.38%    | 3.75%    | 1.0181          | [78.3,85.6,87.2,81.4,78.7,86.1,88.5,81.3,87.4,79.4]
143  | t[0,33,98,169,245]_l[4]   | 83.38%    | 3.40%    | 1.0181          | [78.8,85.2,86.8,81.0,79.6,86.8,87.4,81.7,87.1,79.4]
144  | t[0,68,98,137,169]_l[5]   | 83.37%    | 3.93%    | 1.0181          | [78.4,85.5,87.8,80.4,79.0,87.5,87.3,81.3,87.6,78.8]
145  | t[0,68,137,208,245]_l[4]  | 83.37%    | 3.86%    | 1.0181          | [78.4,85.6,87.2,78.2,79.3,88.4,87.1,80.5,86.9,81.9]
146  | t[0,33,68,137,208]_l[4]   | 83.36%    | 3.82%    | 1.0181          | [78.3,86.0,87.7,80.8,78.8,87.0,87.1,81.1,87.5,79.2]
147  | t[0,33,137,208,245]_l[4]  | 83.36%    | 3.51%    | 1.0181          | [81.0,85.2,87.2,78.1,79.4,87.4,87.0,80.8,86.8,80.7]
148  | t[0,33,68,137,245]_l[4]   | 83.36%    | 3.79%    | 1.0181          | [78.5,84.5,87.9,80.9,78.3,87.5,87.6,81.8,87.1,79.4]
149  | t[33,68,137,169,245]_l[4] | 83.35%    | 3.32%    | 1.0181          | [78.1,84.9,87.2,80.6,79.6,86.4,87.3,81.4,86.9,81.3]
150  | t[0,33,68,169,245]_l[4]   | 83.31%    | 3.62%    | 1.0181          | [77.5,85.6,87.1,80.4,79.2,86.3,87.2,80.3,87.3,82.1]
151  | t[0,98,137,208,245]_l[5]  | 83.29%    | 4.36%    | 1.0181          | [79.2,86.1,87.3,78.2,78.9,88.7,88.3,79.5,87.7,79.2]
152  | t[0,98,137,169,208]_l[5]  | 83.25%    | 4.50%    | 1.0181          | [78.5,87.4,87.6,80.0,79.2,87.9,87.9,77.0,87.7,79.3]
153  | t[0,33,68,98,169]_l[5]    | 83.24%    | 3.94%    | 1.0181          | [79.2,84.8,86.0,80.4,78.8,88.5,88.1,80.8,87.6,78.2]
154  | t[0,33,98,137,169]_l[5]   | 83.23%    | 3.51%    | 1.0181          | [79.9,85.1,86.3,80.5,79.3,86.6,87.7,81.4,87.3,78.3]
155  | t[0,33,68,208,245]_l[4]   | 83.15%    | 3.85%    | 1.0181          | [79.1,84.9,87.9,80.1,78.5,87.1,87.6,79.9,87.1,79.4]
156  | t[0,33,68,98,208]_l[5]    | 83.14%    | 4.47%    | 1.0181          | [78.0,87.1,86.8,80.1,78.7,88.2,88.1,79.2,87.5,77.6]
157  | t[0,33,68,98,137]_l[4]    | 83.12%    | 4.11%    | 1.0181          | [78.5,86.4,87.8,80.3,78.2,86.3,88.2,79.5,87.1,78.9]
158  | t[0,33,137,169,245]_l[4]  | 83.12%    | 3.73%    | 1.0181          | [78.0,85.3,86.7,79.3,79.3,87.3,87.2,79.2,87.0,81.9]
159  | t[0,68,169,208,245]_l[4]  | 83.11%    | 4.09%    | 1.0181          | [79.3,86.0,87.2,78.9,78.9,87.2,87.7,79.8,87.7,78.3]
160  | t[0,68,169,208,245]_l[3]  | 83.06%    | 4.14%    | 1.0181          | [80.0,84.9,87.7,80.0,78.3,87.9,87.3,80.6,87.2,76.7]
161  | t[0,33,68,98,208]_l[4]    | 83.05%    | 4.42%    | 1.0181          | [78.4,86.2,87.7,80.1,78.9,88.0,87.7,77.4,87.5,78.7]
162  | t[0,33,98,137,208]_l[5]   | 83.05%    | 4.64%    | 1.0181          | [78.4,86.0,87.9,80.5,79.1,87.9,88.4,77.3,87.7,77.3]
163  | t[33,68,98,208,245]_l[4]  | 82.98%    | 3.85%    | 1.0181          | [77.9,84.2,86.7,78.8,79.7,87.8,87.6,79.6,87.0,80.7]
164  | t[0,33,169,208,245]_l[3]  | 82.95%    | 3.82%    | 1.0181          | [79.2,85.1,87.6,78.9,77.8,86.4,87.3,80.4,86.9,79.8]
165  | t[0,33,68,98,137]_l[5]    | 82.93%    | 4.56%    | 1.0181          | [78.6,86.8,87.7,81.1,78.8,87.2,88.1,76.3,87.0,77.8]
166  | t[0,33,68,169,208]_l[5]   | 82.90%    | 5.09%    | 1.0181          | [80.3,86.7,87.7,80.8,78.9,89.1,87.6,73.6,86.9,77.4]
167  | t[0,33,68,98,245]_l[4]    | 82.87%    | 3.95%    | 1.0181          | [78.8,85.1,87.1,80.5,78.7,86.4,87.9,79.1,87.0,78.0]
168  | t[0,68,98,208,245]_l[4]   | 82.64%    | 3.81%    | 1.0181          | [78.8,85.0,86.3,79.4,78.4,86.7,87.2,78.3,86.8,79.4]
